1519522951.38021898,-0.00000000,0.00000000,-0.00000000
1519522951.41373205,-0.00000000,0.00000000,0.00379617
1519522951.44688010,-0.00009279,-0.00004485,0.00400627
1519522951.48016810,-0.00000806,-0.00008901,0.00495801
1519522951.51366401,0.00007671,-0.00013309,0.00556042
1519522951.54683900,0.00016213,-0.00028913,0.00571309
1519522951.58013010,0.00012987,-0.00044583,0.00613813
1519522951.61352706,0.00009673,-0.00044694,0.00631431
1519522951.64678693,0.00006357,-0.00044575,0.00639241
1519522951.68004298,0.00014221,-0.00044385,0.00664911
1519522951.71382403,0.00022084,-0.00044193,0.00683154
1519522951.74667907,0.00029966,-0.00046766,0.00673428
1519522951.77999997,0.00045083,-0.00049292,0.00669143
1519522951.81341791,0.00029279,-0.00052025,0.00681218
1519522951.84668994,0.00043878,-0.00077137,0.00666804
1519522951.88012290,0.00027933,-0.00058628,0.00683697
1519522951.91358995,0.00016116,-0.00060699,0.00679825
1519522951.94660211,0.00004300,-0.00062771,0.00673364
1519522951.97987294,-0.00005928,-0.00064831,0.00686764
1519522952.01317000,-0.00001985,-0.00084777,0.00670636
1519522952.04655004,-0.00012233,-0.00083710,0.00686442
1519522952.07980704,0.00002601,-0.00082472,0.00681757
1519522952.11326003,-0.00007013,-0.00081402,0.00682550
1519522952.14646292,0.00002074,-0.00074244,0.00689293
1519522952.17999697,-0.00007581,-0.00067214,0.00691939
1519522952.21304488,0.00001506,-0.00060056,0.00673299
1519522952.24637699,-0.00007592,-0.00065601,0.00679330
1519522952.27969694,0.00005887,-0.00071815,0.00679805
1519522952.31318808,-0.00003210,-0.00077361,0.00685541
1519522952.34632611,0.00006752,-0.00082977,0.00689428
1519522952.37958789,0.00016714,-0.00088593,0.00687059
1519522952.41290307,0.00026677,-0.00094208,0.00693056
1519522952.44626999,0.00022191,-0.00087327,0.00701385
1519522952.47974992,0.00008791,-0.00080509,0.00685109
1519522952.51282597,-0.00004607,-0.00073689,0.00686993
1519522952.54617000,-0.00016085,-0.00070961,0.00681587
1519522952.57948804,-0.00027513,-0.00075505,0.00674119
1519522952.61301804,-0.00038919,-0.00083360,0.00687059
1519522952.64607096,-0.00053523,-0.00091239,0.00679737
1519522952.67943692,-0.00056311,-0.00083670,0.00679171
1519522952.71270108,-0.00071020,-0.00076183,0.00673696
1519522952.74607706,-0.00071753,-0.00076989,0.00686411
1519522952.77935696,-0.00072487,-0.00077796,0.00684575
1519522952.81267691,-0.00073220,-0.00078603,0.00686031
1519522952.84598899,-0.00066031,-0.00078134,0.00679422
1519522952.87932992,-0.00070916,-0.00077749,0.00691170
1519522952.91260099,-0.00057710,-0.00077238,0.00690224
1519522952.94601798,-0.00062467,-0.00079485,0.00692242
1519522952.97921300,-0.00067224,-0.00081732,0.00698817
1519522953.01254702,-0.00071981,-0.00083980,0.00688701
1519522953.04594707,-0.00064283,-0.00080372,0.00690377
1519522953.07919693,-0.00050233,-0.00064844,0.00678437
1519522953.11247802,-0.00036182,-0.00049318,0.00684706
1519522953.14582610,-0.00044609,-0.00033946,0.00694089
1519522953.17909288,-0.00053708,-0.00045898,0.00682711
1519522953.21246505,-0.00063012,-0.00028034,0.00686048
1519522953.24576807,-0.00070766,-0.00039116,0.00681208
1519522953.27906203,-0.00066350,-0.00032616,0.00687989
1519522953.31232595,-0.00061369,-0.00032876,0.00691566
1519522953.34574890,-0.00056388,-0.00033135,0.00686781
1519522953.37900305,-0.00051406,-0.00033395,0.00687023
1519522953.41244888,-0.00060099,-0.00046989,0.00680131
1519522953.44562197,-0.00059688,-0.00038559,0.00687133
1519522953.47897291,-0.00068400,-0.00049276,0.00679986
1519522953.51224899,-0.00067947,-0.00047157,0.00691523
1519522953.54567909,-0.00067415,-0.00045037,0.00685407
1519522953.57890391,-0.00060092,-0.00042870,0.00685109
1519522953.61256790,-0.00059591,-0.00036031,0.00699021
1519522953.64549494,-0.00052268,-0.00033834,0.00685873
1519522953.67879701,-0.00055163,-0.00031707,0.00689379
1519522953.71234202,-0.00052400,-0.00044552,0.00686265
1519522953.74542999,-0.00049636,-0.00057396,0.00694155
1519522953.77876902,-0.00046872,-0.00070240,0.00689177
1519522953.81213188,-0.00052186,-0.00071792,0.00688943
1519522953.84532094,-0.00057499,-0.00073343,0.00693037
1519522953.87872291,-0.00062299,-0.00074892,0.00692367
1519522953.91196394,-0.00065476,-0.00063069,0.00658030
1519522953.94529891,0.00009508,-0.00077052,0.00593541
1519522953.97861600,0.00114464,-0.00065865,0.00611933
1519522954.01185298,0.00265960,-0.00054375,0.00663932
1519522954.04528403,0.00487555,-0.00042340,0.00688125
1519522954.07860708,0.00717314,-0.00008641,0.00623765
1519522954.11199999,0.01028567,-0.00000760,0.00641544
1519522954.14514589,0.01345021,0.00007210,0.00665936
1519522954.17855597,0.01667520,0.00011992,0.00522124
1519522954.21182489,0.02106612,0.00016919,0.00077088
1519522954.24516392,0.02706794,0.00020017,-0.00385383
1519522954.27836394,0.03655193,-0.00002600,-0.00876519
1519522954.31193399,0.04677216,-0.00047744,-0.01153972
1519522954.34504795,0.05699110,-0.00095723,-0.01754394
1519522954.37837100,0.06768158,-0.00123346,-0.02251221
1519522954.41184592,0.07776871,-0.00142745,-0.02871879
1519522954.44499397,0.08820244,-0.00169405,-0.03556884
1519522954.47827101,0.09863410,-0.00203211,-0.04274625
1519522954.51159191,0.11228340,-0.00329249,-0.05287469
1519522954.54493594,0.12671603,-0.00512684,-0.06317989
1519522954.57824898,0.14240925,-0.00719081,-0.07369037
1519522954.61184311,0.15863270,-0.00904031,-0.08476942
1519522954.64479995,0.17555387,-0.01004920,-0.09550135
1519522954.67822099,0.19355868,-0.01134456,-0.10863173
1519522954.71163511,0.21321130,-0.01363816,-0.11997723
1519522954.74477100,0.23283663,-0.01615458,-0.13202912
1519522954.77813101,0.25174295,-0.01870825,-0.14385192
1519522954.81149507,0.27051950,-0.02147102,-0.15694274
1519522954.84471607,0.28927333,-0.02438425,-0.16995363
1519522954.87805104,0.30867310,-0.02803226,-0.18405205
1519522954.91159606,0.32808687,-0.03159160,-0.19766881
1519522954.94471598,0.34732525,-0.03603965,-0.21138200
1519522954.97792506,0.36628809,-0.03977977,-0.22588384
1519522955.01141191,0.38526764,-0.04347705,-0.24033263
1519522955.04458594,0.40351561,-0.04728245,-0.25525756
1519522955.07789993,0.42158564,-0.05181619,-0.26920733
1519522955.11155200,0.43945564,-0.05656431,-0.28390694
1519522955.14452791,0.45760366,-0.06208254,-0.29847755
1519522955.17789292,0.47521384,-0.06771953,-0.31250880
1519522955.21158290,0.49297117,-0.07367672,-0.32704101
1519522955.24446201,0.51064006,-0.07989132,-0.34212123
1519522955.27780104,0.52836501,-0.08594544,-0.35714021
1519522955.31111789,0.54635012,-0.09239684,-0.37143353
1519522955.34453392,0.56351232,-0.09882073,-0.38647127
1519522955.37768698,0.58063862,-0.10542143,-0.40135789
1519522955.41110110,0.59763233,-0.11235277,-0.41587912
1519522955.44435811,0.61504508,-0.11976044,-0.43150565
1519522955.47768402,0.63218949,-0.12776608,-0.44645231
1519522955.51098394,0.64936333,-0.13609934,-0.46105158
1519522955.54425097,0.66655953,-0.14438886,-0.47622377
1519522955.57782006,0.68362798,-0.15293832,-0.49167734
1519522955.61094809,0.70075791,-0.16185529,-0.50705620
1519522955.64427900,0.71743970,-0.17100868,-0.52222726
1519522955.67751288,0.73363103,-0.17963238,-0.53704851
1519522955.71093702,0.74936780,-0.18904087,-0.55224809
1519522955.74413395,0.76563577,-0.19947239,-0.56698524
1519522955.77744508,0.78230498,-0.21049699,-0.58234461
1519522955.81078291,0.79895128,-0.22155097,-0.59727313
1519522955.84408998,0.81542878,-0.23228960,-0.61206465
1519522955.87735009,0.83147169,-0.24307847,-0.62679412
1519522955.91069007,0.84656222,-0.25451722,-0.64052609
1519522955.94399095,0.86181332,-0.26639994,-0.65448663
1519522955.97732306,0.88014347,-0.28098540,-0.66862710
1519522956.01069188,0.89853801,-0.29576942,-0.67890703
1519522956.04395008,0.91677960,-0.31074175,-0.68563208
1519522956.07727599,0.93572950,-0.32571590,-0.69350778
1519522956.11070704,0.95427540,-0.34060152,-0.70152874
1519522956.14388704,0.97288924,-0.35598820,-0.70834535
1519522956.17721510,0.99280351,-0.37289023,-0.71535516
1519522956.21058512,1.01430121,-0.39122493,-0.71911567
1519522956.24387288,1.03702091,-0.41024936,-0.71923756
1519522956.27712011,1.05973829,-0.42927657,-0.71779462
1519522956.31041408,1.08150130,-0.44782442,-0.71800242
1519522956.34368896,1.10276483,-0.46694417,-0.71842785
1519522956.37705398,1.12337805,-0.48551152,-0.71812842
1519522956.41047096,1.14470402,-0.50469062,-0.71698974
1519522956.44367909,1.16559555,-0.52293966,-0.71763161
1519522956.47700500,1.18628211,-0.54103343,-0.71588293
1519522956.51029301,1.20689462,-0.55908622,-0.70809090
1519522956.54362798,1.22679768,-0.57625051,-0.69728656
1519522956.57692003,1.24579310,-0.59305915,-0.68739032
1519522956.61052799,1.26284777,-0.60800747,-0.67588928
1519522956.64359498,1.27998533,-0.62268817,-0.66050341
1519522956.67685890,1.29776748,-0.63674554,-0.64391499
1519522956.71039796,1.31664236,-0.65115308,-0.62595606
1519522956.74354696,1.33568421,-0.66534205,-0.60390528
1519522956.77682400,1.35300585,-0.67885474,-0.57998795
1519522956.81010008,1.36934568,-0.69109761,-0.55754237
1519522956.84348392,1.38596306,-0.70295961,-0.53393247
1519522956.87675595,1.40408688,-0.71505782,-0.50979584
1519522956.91009903,1.42270456,-0.72634458,-0.48312588
1519522956.94333291,1.44161660,-0.73713085,-0.45671877
1519522956.97674394,1.46053337,-0.74693347,-0.42950289
1519522957.01039290,1.47970989,-0.75621769,-0.40363617
1519522957.04341197,1.49912013,-0.76500283,-0.37644144
1519522957.07669401,1.52113640,-0.77390553,-0.34913973
1519522957.10990191,1.54338750,-0.78220390,-0.32245518
1519522957.14331102,1.56933763,-0.78958169,-0.29671177
1519522957.17661309,1.59799120,-0.79698529,-0.26769798
1519522957.21002293,1.62684749,-0.80355453,-0.23978385
1519522957.24314690,1.65543244,-0.80949763,-0.21345683
1519522957.27653503,1.68415328,-0.81473529,-0.18577884
1519522957.31036091,1.71308728,-0.81919101,-0.15859073
1519522957.34313107,1.74343204,-0.82414789,-0.13117494
1519522957.37645507,1.77234492,-0.82869426,-0.10298756
1519522957.40989590,1.80172190,-0.83183344,-0.07476089
1519522957.44306111,1.83119983,-0.83382116,-0.04374313
1519522957.47643590,1.86072521,-0.83489374,-0.01277930
1519522957.50997996,1.89205924,-0.83513539,0.01849982
1519522957.54320788,1.92077783,-0.83492258,0.05187739
1519522957.57626295,1.95211154,-0.83409328,0.08450088
1519522957.61023688,1.98092802,-0.83404645,0.11669843
1519522957.64289999,2.01228707,-0.83117225,0.15018456
1519522957.67633200,2.04255595,-0.82663970,0.18350397
1519522957.70997691,2.07265704,-0.82110132,0.21716978
1519522957.74284410,2.10257651,-0.81465194,0.25110535
1519522957.77611303,2.13080830,-0.80879393,0.28505466
1519522957.80957389,2.15885553,-0.80208525,0.32069214
1519522957.84280300,2.18703646,-0.79555729,0.35595003
1519522957.87605691,2.21554205,-0.78782722,0.39318541
1519522957.90969801,2.24357735,-0.77864893,0.42914102
1519522957.94273400,2.27159211,-0.76829882,0.46525475
1519522957.97621894,2.29830741,-0.75636626,0.50218838
1519522958.00958800,2.32466119,-0.74445545,0.53936775
1519522958.04262900,2.35031483,-0.73179102,0.57709792
1519522958.07600904,2.37591143,-0.72033691,0.61596726
1519522958.11032701,2.40104360,-0.70789678,0.65468622
1519522958.14268994,2.42448980,-0.69304679,0.69244066
1519522958.17591810,2.44886781,-0.67536058,0.73075486
1519522958.20941401,2.47214228,-0.65716912,0.77014562
1519522958.24256611,2.49538018,-0.63739832,0.80816958
1519522958.27582192,2.51735853,-0.61763379,0.84752499
1519522958.30953193,2.53960632,-0.59666237,0.88654240
1519522958.34247303,2.56197753,-0.57366417,0.92564687
1519522958.37582111,2.58343253,-0.54980895,0.96520229
1519522958.40905690,2.60291408,-0.52595292,1.00530257
1519522958.44239902,2.62128210,-0.50155802,1.04480909
1519522958.47573996,2.63770949,-0.47811511,1.08157388
1519522958.50902390,2.65268486,-0.45377584,1.12201863
1519522958.54231596,2.66873641,-0.42961990,1.16015117
1519522958.57580400,2.68418977,-0.40439887,1.19940559
1519522958.60909700,2.69864144,-0.37859081,1.24096303
1519522958.64226604,2.71004382,-0.35065665,1.28229818
1519522958.67568898,2.72116809,-0.31928985,1.32339708
1519522958.70894599,2.73068696,-0.28980299,1.36516849
1519522958.74218988,2.73904176,-0.25958195,1.40755492
1519522958.77569890,2.74594813,-0.22900763,1.45044012
1519522958.80932808,2.75140705,-0.19814957,1.49058497
1519522958.84217691,2.75564649,-0.16680631,1.53168626
1519522958.87543988,2.75944974,-0.13561003,1.57240666
1519522958.90875602,2.76197944,-0.10402375,1.61382866
1519522958.94212890,2.76205131,-0.07081506,1.65434272
1519522958.97548604,2.76077808,-0.03763071,1.69528220
1519522959.00871301,2.75915040,-0.00440081,1.73611875
1519522959.04201198,2.75626694,0.02813867,1.77674117
1519522959.07533908,2.75201877,0.06074086,1.81742475
1519522959.10865998,2.74644811,0.09314330,1.85879019
1519522959.14188409,2.73895160,0.12511268,1.90146074
1519522959.17526197,2.73128303,0.15613400,1.94318653
1519522959.20862699,2.72207809,0.18671116,1.98683931
1519522959.24187112,2.71087815,0.21837258,2.03071063
1519522959.27522612,2.69830041,0.24951234,2.07332486
1519522959.30852199,2.68456857,0.27848246,2.11862102
1519522959.34186912,2.67251654,0.30694001,2.16249543
1519522959.37511110,2.65573647,0.33422075,2.20773392
1519522959.40852690,2.64180584,0.36194125,2.25138351
1519522959.44179797,2.62102336,0.38935553,2.29660566
1519522959.47511506,2.60150323,0.41427358,2.33841224
1519522959.50833607,2.57867771,0.44002972,2.38102642
1519522959.54176593,2.55544323,0.46481428,2.42282871
1519522959.57505202,2.53122715,0.48864492,2.46564685
1519522959.60827804,2.50644898,0.51148792,2.50787561
1519522959.64174700,2.48080107,0.53320218,2.54970509
1519522959.67493606,2.45436649,0.55397206,2.59218747
1519522959.70830488,2.42689918,0.57349948,2.63306786
1519522959.74181604,2.39770986,0.59343363,2.67491443
1519522959.77486706,2.36764355,0.61199300,2.71666417
1519522959.80821490,2.33623053,0.62955202,2.75815013
1519522959.84150505,2.30371148,0.64572673,2.79949004
1519522959.87482095,2.27055175,0.66054367,2.84219776
1519522959.90807199,2.23678964,0.67393136,2.88297465
1519522959.94144893,2.20280278,0.68702531,2.92465457
1519522959.97471905,2.16425903,0.69841251,2.96643838
1519522960.00823212,2.12695788,0.70788160,3.00642556
1519522960.04171491,2.08916096,0.71477079,3.04423152
1519522960.07470012,2.05109534,0.71986475,3.07741874
1519522960.10798001,2.01400607,0.72362060,3.11015978
1519522960.14135098,1.97490457,0.72739006,3.14004693
1519522960.17467999,1.93580704,0.72998922,-3.11437411
1519522960.20831800,1.89657046,0.73085706,-3.08838870
1519522960.24127293,1.85746834,0.72982826,-3.06524432
1519522960.27458000,1.82052529,0.72646978,-3.04554723
1519522960.30803490,1.78350376,0.72395999,-3.02915230
1519522960.34116507,1.74653462,0.71832627,-3.01552089
1519522960.37448907,1.70845607,0.71327722,-3.00607168
1519522960.40800691,1.67042693,0.70786858,-2.99961375
1519522960.44108605,1.63243351,0.70221447,-2.99629400
1519522960.47446609,1.59487404,0.69650632,-2.99418484
1519522960.50835609,1.55686198,0.69003423,-2.99375382
1519522960.54105496,1.51885272,0.68354576,-2.99285666
1519522960.57441401,1.48084930,0.67702319,-2.99257027
1519522960.60790896,1.44276804,0.67103548,-2.99377638
1519522960.64106393,1.40453179,0.66608629,-2.99971555
1519522960.67435098,1.36626681,0.66136428,-3.01253389
1519522960.70798898,1.33221223,0.65647610,-3.02789217
1519522960.74092507,1.29808659,0.65211150,-3.04828855
1519522960.77418709,1.26007989,0.64813462,-3.06915701
1519522960.80751300,1.22155781,0.64491972,-3.09194760
1519522960.84089708,1.18301693,0.64168866,-3.11687430
1519522960.87418890,1.14440750,0.63941920,3.13999293
1519522960.90792990,1.10427718,0.63928431,3.11601430
1519522960.94085002,1.06921883,0.63998209,3.08861392
1519522960.97409201,1.03104202,0.64045195,3.06167351
1519522961.00748205,0.99289173,0.64195002,3.03395476
1519522961.04074788,0.95479762,0.64450485,3.00765878
1519522961.07401204,0.91856483,0.64686701,2.97942382
1519522961.10734892,0.88241316,0.65025112,2.95315563
1519522961.14070201,0.84522160,0.65530629,2.92627142
1519522961.17413402,0.80833332,0.66206335,2.90052997
1519522961.20731497,0.77191741,0.66948760,2.87368530
1519522961.24070501,0.73670384,0.67761489,2.84729486
1519522961.27390695,0.70274542,0.68635683,2.81959229
1519522961.30727005,0.66858218,0.69465724,2.79388869
1519522961.34057689,0.63313468,0.70546947,2.76669059
1519522961.37382603,0.59799432,0.71724169,2.73970642
1519522961.40725899,0.56378886,0.72970082,2.71318770
1519522961.44052100,0.53020091,0.74366495,2.68496681
1519522961.47381306,0.49691493,0.75966642,2.65841487
1519522961.50707698,0.46406551,0.77654595,2.63336275
1519522961.54044104,0.43219286,0.79363090,2.60579449
1519522961.57378793,0.40080327,0.81158791,2.57753625
1519522961.60714698,0.36808998,0.82834713,2.55074421
1519522961.64061189,0.33598526,0.84706192,2.52271180
1519522961.67378092,0.30481010,0.86638974,2.49690607
1519522961.70703697,0.27424416,0.88818108,2.47084774
1519522961.74030089,0.24513378,0.91006525,2.44457818
1519522961.77380109,0.21628388,0.93297807,2.41824052
1519522961.80692005,0.18811952,0.95672438,2.39172727
1519522961.84029198,0.16059226,0.98226732,2.36614468
1519522961.87358904,0.13346498,1.00876331,2.33880890
1519522961.90686202,0.10715097,1.03606710,2.31102274
1519522961.94014096,0.07973375,1.06128619,2.28500692
1519522961.97353697,0.05403269,1.08812092,2.25769855
1519522962.00678611,0.02707866,1.11808026,2.23087664
1519522962.04013491,0.00093780,1.14875168,2.20485123
1519522962.07345200,-0.02358034,1.17987289,2.17801437
1519522962.10677600,-0.04729691,1.20902233,2.15356127
1519522962.14024806,-0.06972450,1.24166464,2.12548081
1519522962.17333388,-0.09058394,1.27388626,2.09964065
1519522962.20665312,-0.11095921,1.30848547,2.07397512
1519522962.23996592,-0.12958344,1.34204029,2.04713560
1519522962.27335095,-0.14873049,1.37622379,2.01922002
1519522962.30663991,-0.16691594,1.41092840,1.99178411
1519522962.33989811,-0.18376823,1.44628642,1.96644899
1519522962.37328196,-0.20045903,1.48383080,1.94026428
1519522962.40657997,-0.21538747,1.51961810,1.91363209
1519522962.44009805,-0.22983401,1.55365118,1.88864013
1519522962.47322011,-0.24342557,1.58803465,1.86323500
1519522962.50658607,-0.25661193,1.62736967,1.84167047
1519522962.53982902,-0.26835524,1.66714423,1.81708615
1519522962.57308888,-0.27878564,1.70335708,1.79531805
1519522962.60638690,-0.28782656,1.73992512,1.77333987
1519522962.63976192,-0.29547513,1.78121254,1.75420699
1519522962.67310405,-0.30233240,1.82263874,1.73609152
1519522962.70639896,-0.30864471,1.86520300,1.72288096
1519522962.73994899,-0.31439419,1.90784693,1.71558791
1519522962.77302599,-0.32082498,1.95105742,1.71095813
1519522962.80627394,-0.32700297,1.99430465,1.70404171
1519522962.83961797,-0.33293443,2.03758651,1.69882531
1519522962.87304807,-0.33955706,2.08072418,1.69468757
1519522962.90625095,-0.34605046,2.12428493,1.69162312
1519522962.93958807,-0.35153695,2.16750841,1.69001766
1519522962.97286201,-0.35557970,2.21090527,1.68688739
1519522963.00612092,-0.36086144,2.25415424,1.68539141
1519522963.03950596,-0.36492769,2.29985081,1.68242454
1519522963.07277894,-0.37037369,2.34538938,1.68039297
1519522963.10602593,-0.37424131,2.38983553,1.67846597
1519522963.13939095,-0.37925519,2.43306559,1.67673719
1519522963.17270398,-0.38284567,2.47644767,1.67397662
1519522963.20601392,-0.38663634,2.52129384,1.67280129
1519522963.23940396,-0.39046106,2.56699213,1.67118286
1519522963.27263689,-0.39421182,2.61269654,1.67065141
1519522963.30592895,-0.39999638,2.65819675,1.67217455
1519522963.33922696,-0.40452721,2.70338691,1.67228249
1519522963.37262297,-0.41015363,2.74846551,1.67156930
1519522963.40646696,-0.41463970,2.79348614,1.67047521
1519522963.43922997,-0.41933949,2.83848534,1.67008813
1519522963.47250891,-0.42322370,2.88775273,1.66913555
1519522963.50577903,-0.42675126,2.93705435,1.66883739
1519522963.53915310,-0.43030721,2.98679511,1.66961266
1519522963.57249999,-0.43365298,3.03644653,1.66928136
1519522963.60610008,-0.43878120,3.09127774,1.66831473
1519522963.63902402,-0.44385641,3.14611388,1.66829241
1519522963.67237711,-0.44893040,3.20095013,1.66832300
1519522963.70572710,-0.45360543,3.25299326,1.66918874
1519522963.73898411,-0.45831062,3.30503379,1.66978056
1519522963.77238703,-0.46285956,3.35709009,1.67085617
1519522963.80566406,-0.46743014,3.40879943,1.67174522
1519522963.83899307,-0.47198290,3.46051114,1.67360058
1519522963.87231994,-0.47816491,3.51253336,1.67947988
1519522963.90559506,-0.48488822,3.56714143,1.68397604
1519522963.93887305,-0.49199692,3.62170281,1.69087940
1519522963.97222090,-0.49917572,3.67485034,1.70264087
1519522964.00552392,-0.50446982,3.72550459,1.71555180
1519522964.03881788,-0.51016374,3.77434580,1.73198752
1519522964.07216001,-0.51712133,3.82479371,1.74782217
1519522964.10538793,-0.52657433,3.87342956,1.76801901
1519522964.13878894,-0.53750450,3.92426513,1.78441275
1519522964.17210007,-0.54874686,3.97251904,1.80274362
1519522964.20541000,-0.55956705,4.02315862,1.82137306
1519522964.23868489,-0.57045456,4.07134041,1.84005348
1519522964.27224112,-0.58267126,4.11978405,1.86050494
1519522964.30557203,-0.59492575,4.16599281,1.88068915
1519522964.33863497,-0.60844615,4.21300580,1.90111567
1519522964.37211204,-0.62194393,4.26006886,1.92179181
1519522964.40529799,-0.63684000,4.30801214,1.94379133
1519522964.43864012,-0.65393235,4.35516798,1.96664322
1519522964.47189403,-0.67120245,4.39977863,1.99188005
1519522964.50528789,-0.68895666,4.44422417,2.01941252
1519522964.53856111,-0.70875639,4.48988573,2.04532168
1519522964.57183909,-0.72973240,4.53501902,2.07199649
1519522964.60523009,-0.75587405,4.58211051,2.09939189
1519522964.63844299,-0.77797904,4.62469876,2.12663293
1519522964.67233706,-0.80887895,4.67033876,2.15761327
1519522964.70510101,-0.83716343,4.71308263,2.18622593
1519522964.73852801,-0.86674921,4.75493617,2.21735610
1519522964.77176309,-0.89651164,4.79455871,2.24769509
1519522964.80510592,-0.92574653,4.83463890,2.28687435
1519522964.83828902,-0.95628676,4.87375391,2.32380326
1519522964.87172604,-0.98824787,4.91171207,2.36118759
1519522964.90502810,-1.02160535,4.94844914,2.40170442
1519522964.93823910,-1.05837775,4.98166417,2.44071597
1519522964.97191191,-1.09328612,5.01077744,2.48560213
1519522965.00489092,-1.12827748,5.03983872,2.53115145
1519522965.03835392,-1.16611537,5.06836761,2.57647369
1519522965.07171893,-1.20520695,5.09515289,2.62254733
1519522965.10486007,-1.24668299,5.11974464,2.66919789
1519522965.13811302,-1.28344456,5.14123881,2.71087538
1519522965.17169499,-1.32657837,5.16371377,2.75775199
1519522965.20473504,-1.37071796,5.18414281,2.80662699
1519522965.23821092,-1.42277109,5.20094666,2.85300804
1519522965.27154899,-1.47554734,5.21531902,2.90172907
1519522965.30498195,-1.52068219,5.23044630,2.95608913
1519522965.33831000,-1.56534242,5.24965263,3.01038137
1519522965.37127090,-1.61109571,5.26552335,3.07068943
1519522965.40470290,-1.65967512,5.27874628,3.12508805
1519522965.43795204,-1.70614450,5.28100824,-3.10664209
1519522965.47125602,-1.75266872,5.28087718,-3.05810717
1519522965.50454092,-1.79912401,5.27839620,-3.00594401
1519522965.53784609,-1.84562429,5.27760395,-2.95588367
1519522965.57118011,-1.89254079,5.27363949,-2.90614195
1519522965.60446191,-1.93936444,5.26802369,-2.85335202
1519522965.63804698,-1.98582655,5.25994505,-2.79932781
1519522965.67160892,-2.03233793,5.24917220,-2.74719109
1519522965.70438600,-2.07549175,5.23674201,-2.69298200
1519522965.73771906,-2.11919078,5.22125598,-2.63993960
1519522965.77098703,-2.16076603,5.20427776,-2.58765945
1519522965.80438995,-2.20189321,5.18471757,-2.53524302
1519522965.83787894,-2.24255350,5.16391542,-2.48333658
1519522965.87105703,-2.28251474,5.14052264,-2.43220114
1519522965.90437388,-2.32122808,5.11511789,-2.38275868
1519522965.93780804,-2.35863854,5.08783088,-2.33192810
1519522965.97095108,-2.39422284,5.05914173,-2.27987684
1519522966.00471902,-2.42877267,5.02804986,-2.22771295
1519522966.03759599,-2.46462795,4.99134294,-2.17417699
1519522966.07089710,-2.49957613,4.95353383,-2.11355110
1519522966.10421300,-2.52971492,4.91774578,-2.05872281
1519522966.13754702,-2.55685605,4.87996921,-2.00225907
1519522966.17080903,-2.58131970,4.84048987,-1.94552683
1519522966.20445490,-2.60214326,4.79915116,-1.88877083
1519522966.23737788,-2.62334576,4.74832019,-1.83673997
1519522966.27074289,-2.64282294,4.69671328,-1.76833833
1519522966.30405402,-2.65815906,4.65305989,-1.71258624
1519522966.33732104,-2.67103884,4.60861974,-1.65557739
1519522966.37064290,-2.68422815,4.55982839,-1.59718548
1519522966.40395498,-2.69454757,4.51035048,-1.53942770
1519522966.43733096,-2.69796338,4.46239685,-1.48550891
1519522966.47060299,-2.69878988,4.41432882,-1.43451110
1519522966.50391698,-2.69891901,4.36669086,-1.37775914
1519522966.53716207,-2.69609890,4.31785899,-1.32188358
1519522966.57059693,-2.69105109,4.27120814,-1.26807828
1519522966.60432911,-2.68046730,4.22150066,-1.21376086
1519522966.63719296,-2.66601175,4.17730938,-1.16002927
1519522966.67053699,-2.64843086,4.13218368,-1.10844594
1519522966.70382190,-2.63388464,4.08833195,-1.05434221
1519522966.73714209,-2.61567669,4.04302123,-0.99948515
1519522966.77054501,-2.59396861,3.99394227,-0.94704131
1519522966.80371499,-2.56745542,3.94769661,-0.89227435
1519522966.83700204,-2.54131180,3.90652062,-0.83894801
1519522966.87033296,-2.51269298,3.86708197,-0.78834378
1519522966.90362906,-2.48178526,3.82941134,-0.73896195
1519522966.93698907,-2.44934183,3.79299831,-0.69124792
1519522966.97026706,-2.41155033,3.75713503,-0.64494158
1519522967.00362110,-2.37342823,3.72420899,-0.60709666
1519522967.03697705,-2.33267151,3.69478767,-0.57471447
1519522967.07018900,-2.29251488,3.66769305,-0.54760105
1519522967.10350895,-2.25156106,3.64182400,-0.52697286
1519522967.13679695,-2.20629832,3.61537361,-0.51176347
1519522967.17014408,-2.16063854,3.58961468,-0.49698775
1519522967.20346403,-2.11416645,3.56413322,-0.48512850
1519522967.23675394,-2.06694068,3.53896492,-0.47565958
1519522967.27005911,-2.01986410,3.51349672,-0.46948930
1519522967.30337310,-1.97052582,3.48725133,-0.46297096
1519522967.33674598,-1.92101752,3.46132811,-0.45863309
1519522967.36999798,-1.87109713,3.43622767,-0.45578036
1519522967.40340900,-1.82106637,3.41360007,-0.45429575
1519522967.43660212,-1.77011276,3.39286779,-0.45286277
1519522967.46995807,-1.71973774,3.37250451,-0.45106243
1519522967.50329089,-1.67151660,3.34820796,-0.44995298
1519522967.53661203,-1.62363786,3.32414330,-0.44645838
1519522967.57016110,-1.57574275,3.29915534,-0.44386789
1519522967.60322499,-1.52569492,3.27584100,-0.44120114
1519522967.63667703,-1.47658511,3.25054264,-0.43914300
1519522967.67009306,-1.42555926,3.22806884,-0.43754448
1519522967.70313311,-1.37391149,3.20642651,-0.43676622
1519522967.73644710,-1.32224689,3.18482438,-0.43601038
1519522967.76980090,-1.27213457,3.16174120,-0.43535485
1519522967.80309200,-1.22271755,3.13894889,-0.43507140
1519522967.83641410,-1.17494354,3.11275413,-0.43206230
1519522967.87019300,-1.12709092,3.08670326,-0.43101066
1519522967.90299010,-1.07792587,3.06349727,-0.43064858
1519522967.93629193,-1.02372685,3.03980863,-0.42879304
1519522967.97025490,-0.96483408,3.01228807,-0.42882887
1519522968.00298190,-0.90541411,2.98592065,-0.42723084
1519522968.03641200,-0.84771504,2.95983988,-0.42698385
1519522968.06991100,-0.79000952,2.93377337,-0.42705488
1519522968.10296702,-0.73517502,2.90900840,-0.42650733
1519522968.13618898,-0.68084887,2.88312489,-0.42523818
1519522968.16966391,-0.62654358,2.85719185,-0.42234389
1519522968.20280409,-0.57489482,2.83264353,-0.41952169
1519522968.23635197,-0.52229926,2.80835164,-0.41971601
1519522968.26972699,-0.46970843,2.78404954,-0.41925288
1519522968.30278492,-0.41482431,2.75875475,-0.41784110
1519522968.33608294,-0.35930883,2.73487916,-0.41725351
1519522968.36960196,-0.30444134,2.71132965,-0.41694774
1519522968.40267205,-0.24984590,2.68716642,-0.41559961
1519522968.43597507,-0.19536609,2.66274112,-0.41514334
1519522968.46941805,-0.13974539,2.63784273,-0.41388237
1519522968.50260806,-0.08431139,2.61251807,-0.41282524
1519522968.53625488,-0.02897686,2.58696390,-0.41256912
1519522968.56955099,0.02639205,2.56141172,-0.41196483
1519522968.60262394,0.07858325,2.53728831,-0.41137401
1519522968.63586998,0.13487477,2.51384719,-0.40945372
1519522968.66926098,0.19581064,2.48851814,-0.40880293
1519522968.70252299,0.25676299,2.46322875,-0.40937737
1519522968.73581600,0.31187031,2.43965627,-0.40868814
1519522968.76913810,0.36381426,2.41667516,-0.40897558
1519522968.80280805,0.41715703,2.39306999,-0.40869112
1519522968.83581495,0.47020058,2.36877358,-0.40843083
1519522968.86905503,0.52360790,2.34531690,-0.40862844
1519522968.90274096,0.57884793,2.32007339,-0.40885807
1519522968.93568397,0.63572921,2.29508438,-0.40884840
1519522968.96908212,0.69349962,2.26748301,-0.41023894
1519522969.00227094,0.75249357,2.24270300,-0.40932664
1519522969.03564000,0.80793472,2.21822845,-0.40953910
1519522969.06902599,0.86333167,2.19375905,-0.40859245
1519522969.10223007,0.91879078,2.16932521,-0.40801735
1519522969.13553596,0.97445179,2.14497656,-0.40790952
1519522969.16885900,1.03011543,2.12063391,-0.40802423
1519522969.20221591,1.08334263,2.09684573,-0.40800150
1519522969.23552394,1.13640538,2.07267706,-0.40740295
1519522969.26879907,1.19096417,2.04758504,-0.40834976
1519522969.30223203,1.24581682,2.02260270,-0.40961947
1519522969.33537698,1.30063771,1.99755073,-0.41135087
1519522969.36876297,1.35472892,1.97270324,-0.41508338
1519522969.40244007,1.40933192,1.94902667,-0.41556160
1519522969.43556190,1.46571950,1.92375102,-0.42037089
1519522969.46872401,1.52198488,1.89820448,-0.42557500
1519522969.50201988,1.57419241,1.87414420,-0.42988029
1519522969.53529596,1.62599877,1.85195913,-0.43728079
1519522969.56861901,1.67763953,1.82939127,-0.44678636
1519522969.60219193,1.73047092,1.80310548,-0.45910558
1519522969.63528800,1.78427898,1.77552600,-0.47179869
1519522969.66855788,1.83760952,1.74668728,-0.48638815
1519522969.70185995,1.89079429,1.71760436,-0.50248638
1519522969.73514605,1.94350402,1.68766906,-0.52073417
1519522969.76849103,1.99607995,1.65756065,-0.54093215
1519522969.80190992,2.04803707,1.62639654,-0.56114362
1519522969.83540702,2.10016744,1.59548330,-0.58552531
1519522969.86843204,2.15068755,1.55998336,-0.61075184
1519522969.90175295,2.20104636,1.52820742,-0.63462283
1519522969.93500304,2.25110955,1.49534478,-0.66103423
1519522969.96834612,2.30003383,1.46136877,-0.68907762
1519522970.00168800,2.34281284,1.42953389,-0.71599150
1519522970.03495193,2.38280990,1.39784324,-0.74697920
1519522970.06827211,2.42367496,1.36358612,-0.77972526
1519522970.10167098,2.45969981,1.33216756,-0.81595828
1519522970.13491988,2.50561359,1.29200814,-0.84973544
1519522970.16829610,2.54522512,1.25468085,-0.88609267
1519522970.20153809,2.58367594,1.21566612,-0.92252906
1519522970.23491693,2.62043209,1.17508880,-0.95928123
1519522970.26814389,2.65403326,1.13199420,-0.99932058
1519522970.30152106,2.68758798,1.08868585,-1.03245495
1519522970.33535600,2.71851924,1.04860690,-1.07369765
1519522970.36806703,2.74926543,1.00809711,-1.11847710
1519522970.40138888,2.77909658,0.96045105,-1.16472641
1519522970.43471789,2.80825422,0.91214802,-1.19550917
1519522970.46800995,2.82955136,0.86568890,-1.24323692
1519522970.50135303,2.84714213,0.82257963,-1.28806339
1519522970.53467798,2.86276209,0.77879885,-1.33531748
1519522970.56802106,2.87296861,0.74676281,-1.37998980
1519522970.60137391,2.88353885,0.71465150,-1.41294633
1519522970.63458991,2.89221259,0.67707416,-1.45415792
1519522970.66808391,2.89933078,0.63917137,-1.50000807
1519522970.70121908,2.90470425,0.60098216,-1.53562740
1519522970.73450398,2.91124651,0.55458741,-1.58097517
1519522970.76804304,2.91759321,0.50792430,-1.62858795
1519522970.80115509,2.92166373,0.46018130,-1.68001639
1519522970.83446789,2.92338284,0.41129608,-1.72087769
1519522970.86777711,2.92116483,0.36219417,-1.76787902
1519522970.90112209,2.91673528,0.31371654,-1.81465389
1519522970.93439507,2.91027034,0.26640928,-1.85994788
1519522970.96776605,2.90179186,0.21969370,-1.90774503
1519522971.00102091,2.89222480,0.17303941,-1.95334968
1519522971.03436708,2.87942630,0.12731822,-1.99998548
1519522971.06772590,2.86332652,0.08272740,-2.04735192
1519522971.10099101,2.84513347,0.03894889,-2.09288132
1519522971.13432407,2.82711279,-0.00189518,-2.14083990
1519522971.16760397,2.80715476,-0.04182837,-2.18786511
1519522971.20098996,2.78754320,-0.08234123,-2.23380949
1519522971.23417807,2.76030357,-0.12298613,-2.28203172
1519522971.26760888,2.73151425,-0.16183221,-2.32844952
1519522971.30085707,2.70093762,-0.19928563,-2.37148393
1519522971.33416510,2.66959522,-0.23459633,-2.41665973
1519522971.36747193,2.63669016,-0.26845558,-2.46253426
1519522971.40073299,2.60202032,-0.30098918,-2.50889858
1519522971.43408203,2.56542142,-0.33221713,-2.55507239
1519522971.46745110,2.52742012,-0.36172249,-2.60258449
1519522971.50073600,2.48818210,-0.38959324,-2.65104939
1519522971.53406405,2.44815360,-0.41582039,-2.70019555
1519522971.56740308,2.40688499,-0.44004942,-2.75166789
1519522971.60061097,2.36745497,-0.46087766,-2.79904926
1519522971.63394690,2.32933297,-0.47979086,-2.84555744
1519522971.66741204,2.29040422,-0.49690171,-2.89457398
1519522971.70060706,2.25147775,-0.51523290,-2.93792170
1519522971.73405695,2.21109939,-0.53200338,-2.98716771
1519522971.76722598,2.16994444,-0.54676587,-3.03900097
1519522971.80063891,2.12806953,-0.55927539,-3.07743519
1519522971.83413410,2.08457520,-0.56870715,-3.12575588
1519522971.86730409,2.04067606,-0.57602703,3.10982612
1519522971.90064096,2.00183354,-0.57950974,3.06307750
1519522971.93389392,1.96287070,-0.58117347,3.03603086
1519522971.96715498,1.92626201,-0.58045252,2.98680257
1519522972.00046396,1.88607264,-0.58189132,2.93950969
1519522972.03371501,1.84970382,-0.57764570,2.89093673
1519522972.06722307,1.80956127,-0.57523100,2.86725188
1519522972.10074401,1.77398727,-0.57504533,2.81660202
1519522972.13363409,1.73004937,-0.57022220,2.76431958
1519522972.16692805,1.68861601,-0.56058912,2.72088167
1519522972.20028496,1.64764004,-0.54916592,2.67396184
1519522972.23366094,1.60917427,-0.53680771,2.62592438
1519522972.26691389,1.57824570,-0.52675573,2.57909958
1519522972.30022097,1.54933425,-0.51286760,2.53029591
1519522972.33362699,1.51711424,-0.49176309,2.48995536
1519522972.36687803,1.48634311,-0.46862707,2.44489022
1519522972.40016890,1.45604079,-0.44485107,2.39899439
1519522972.43351889,1.41682830,-0.42127586,2.35328943
1519522972.46678495,1.37727642,-0.39446772,2.30576583
1519522972.50036907,1.34115081,-0.36392779,2.26062006
1519522972.53339505,1.30644028,-0.33178862,2.21566809
1519522972.56672311,1.27251749,-0.30119093,2.16700772
1519522972.59997392,1.24012315,-0.26897941,2.11841341
1519522972.63333702,1.20919522,-0.23531561,2.07518003
1519522972.66661406,1.17964684,-0.20015765,2.03222224
1519522972.69992900,1.15163557,-0.16376318,1.99727637
1519522972.73327589,1.13009335,-0.12311109,1.96928669
1519522972.76662302,1.11548445,-0.07943556,1.95259588
1519522972.79988289,1.10115082,-0.03438726,1.94030465
1519522972.83325005,1.08398136,0.00680835,1.92908741
1519522972.86652899,1.06638814,0.05056256,1.91719241
1519522972.89983606,1.05144492,0.09344002,1.90948143
1519522972.93323994,1.03683276,0.13643142,1.90517947
1519522972.96642494,1.02125041,0.17908391,1.90325496
1519522972.99975896,1.00506205,0.22375928,1.90168334
1519522973.03329301,0.98883420,0.26842234,1.90102293
1519522973.06634212,0.97453480,0.31216559,1.89949682
1519522973.09965706,0.96059091,0.35602909,1.89831663
1519522973.13301897,0.94571748,0.40279732,1.89623330
1519522973.16627502,0.93028094,0.44937353,1.89559202
1519522973.19966102,0.91530526,0.49379155,1.89367830
1519522973.23291802,0.90068337,0.53832808,1.89231235
1519522973.26626205,0.88535591,0.58174284,1.89070303
1519522973.29951906,0.87009833,0.62518221,1.89062065
1519522973.33298111,0.85460920,0.66854496,1.88892914
1519522973.36623192,0.83889053,0.71285368,1.88716253
1519522973.39948392,0.82349852,0.75746944,1.88573275
1519522973.43282509,0.80822862,0.80192820,1.88442001
1519522973.46610093,0.79328373,0.84895010,1.88387997
1519522973.49941802,0.77727453,0.89562728,1.88404486
1519522973.53302693,0.76096471,0.94692313,1.88417508
1519522973.56603909,0.74441998,0.99814289,1.88408346
1519522973.59934306,0.72799623,1.04940184,1.88388875
1519522973.63264799,0.71099716,1.10212019,1.88450227
1519522973.66601706,0.69396575,1.15482810,1.88444145
1519522973.69930696,0.67792983,1.20399558,1.88449096
1519522973.73276210,0.66116187,1.25292558,1.88359167
1519522973.76604700,0.64260649,1.30753349,1.88369757
1519522973.79924107,0.62769993,1.36332181,1.88519854
1519522973.83287311,0.61270965,1.41908769,1.88728320
1519522973.86584997,0.59560052,1.47470615,1.88625809
1519522973.89936209,0.57748844,1.53358997,1.88579328
1519522973.93258810,0.56031824,1.58918696,1.88751376
1519522973.96582508,0.54237097,1.64509466,1.88758889
1519522973.99932289,0.52404902,1.70087957,1.88806492
1519522974.03259206,0.50532235,1.75653157,1.88731354
1519522974.06582189,0.48428415,1.81938278,1.88479844
1519522974.09911704,0.46500783,1.87716189,1.88799299
1519522974.13234711,0.44554703,1.93487912,1.88765760
1519522974.16562605,0.42821990,1.98615501,1.88838340
1519522974.19898605,0.41017970,2.03719613,1.88954848
1519522974.23245192,0.39171976,2.09318341,1.88897157
1519522974.26563501,0.37262412,2.15120946,1.88848530
1519522974.29894900,0.35564670,2.20768425,1.88973423
1519522974.33221698,0.33792922,2.26616541,1.89033443
1519522974.36573410,0.32046820,2.32631331,1.88921602
1519522974.39904904,0.29820599,2.38487588,1.89401361
1519522974.43227005,0.27917990,2.44366523,1.89053985
1519522974.46554089,0.26098625,2.49572342,1.89005510
1519522974.49884295,0.24219303,2.55458763,1.89020266
1519522974.53209901,0.22609838,2.60734034,1.89100789
1519522974.56551003,0.20854103,2.66436270,1.89173850
1519522974.59872007,0.19144914,2.72022460,1.88996328
1519522974.63204598,0.17259768,2.77603136,1.89048302
1519522974.66537499,0.15526551,2.83234087,1.89122904
1519522974.69905996,0.13789133,2.88863743,1.89138591
1519522974.73199201,0.11960468,2.94765272,1.89182762
1519522974.76531792,0.09927334,3.00598867,1.89193406
1519522974.79858589,0.07893580,3.06432245,1.89142833
1519522974.83193493,0.06084792,3.11781721,1.89249016
1519522974.86523294,0.04347078,3.17154852,1.89282221
1519522974.89851689,0.02607580,3.22527407,1.89342087
1519522974.93190503,0.00589623,3.28848782,1.89500950
1519522974.96512198,-0.01236525,3.34635200,1.89576526
1519522974.99850392,-0.03087836,3.40413230,1.89874328
1519522975.03192902,-0.04869199,3.45997697,1.90170346
1519522975.06511402,-0.06985814,3.51467370,1.90670535
1519522975.09841204,-0.09026462,3.57502730,1.91107564
1519522975.13183498,-0.11093466,3.63529115,1.91613573
1519522975.16502404,-0.13010573,3.69043608,1.92054934
1519522975.19845510,-0.14984243,3.74537825,1.92580090
1519522975.23181105,-0.17029394,3.80136664,1.93570378
1519522975.26494598,-0.19129889,3.85714976,1.94731791
1519522975.29868007,-0.21452948,3.91206077,1.96056565
1519522975.33173800,-0.23820921,3.96598672,1.97552256
1519522975.36506701,-0.26202863,4.01983700,1.99527599
1519522975.39817905,-0.28570066,4.07375153,2.01823648
1519522975.43172598,-0.30566268,4.12649089,2.04103752
1519522975.46481991,-0.33199957,4.17970541,2.06582031
1519522975.49821997,-0.35393465,4.23199447,2.08966717
1519522975.53151894,-0.37886756,4.28274211,2.11860036
1519522975.56485701,-0.40525813,4.33274723,2.14746433
1519522975.59842491,-0.43490453,4.38462909,2.17750244
1519522975.63151598,-0.47279988,4.43416090,2.20450065
1519522975.66485596,-0.51201852,4.48265168,2.23285347
1519522975.69802094,-0.54798519,4.53250961,2.26212392
1519522975.73157501,-0.58122967,4.57862751,2.29252031
1519522975.76465607,-0.62010544,4.62625197,2.32544974
1519522975.79795003,-0.66303316,4.67278541,2.35635147
1519522975.83128595,-0.70951152,4.71583625,2.39077848
1519522975.86462808,-0.75429125,4.75844695,2.42675090
1519522975.89804101,-0.79589782,4.80384734,2.46686661
1519522975.93124890,-0.83929170,4.84754258,2.50800486
1519522975.96455002,-0.88498313,4.88868491,2.54773545
1519522975.99788094,-0.93441818,4.90837099,2.59250580
1519522976.03138804,-0.97557630,4.94071159,2.63027458
1519522976.06445599,-1.02224131,4.96799288,2.67519285
1519522976.09779310,-1.07919748,4.99773925,2.72091280
1519522976.13107610,-1.13745366,5.02485140,2.76354868
1519522976.16440606,-1.19603068,5.04947734,2.80595061
1519522976.19771290,-1.25559892,5.07159811,2.85170146
1519522976.23115110,-1.31705752,5.08781684,2.89701868
1519522976.26433206,-1.37418772,5.09998688,2.94297202
1519522976.29764295,-1.42761633,5.11743115,2.99219446
1519522976.33096695,-1.48165422,5.13344992,3.03496875
1519522976.36426091,-1.53936098,5.14622265,3.07973402
1519522976.39759493,-1.59783592,5.15433376,3.12122313
1519522976.43086910,-1.65663087,5.15834819,-3.11493946
1519522976.46418691,-1.71557234,5.16044991,-3.07305362
1519522976.49778795,-1.77882292,5.15918962,-3.02533783
1519522976.53088689,-1.84201069,5.15550719,-2.97931786
1519522976.56413794,-1.90339892,5.14958126,-2.93304135
1519522976.59745407,-1.96444729,5.14082186,-2.88840210
1519522976.63082695,-2.02504397,5.12934693,-2.84178441
1519522976.66408205,-2.07729910,5.11802593,-2.79397032
1519522976.69739509,-2.12553836,5.10552712,-2.74853954
1519522976.73068810,-2.17271288,5.09218982,-2.70298375
1519522976.76434207,-2.21771916,5.07742724,-2.65479970
1519522976.79727888,-2.26111461,5.06114636,-2.61178494
1519522976.83077788,-2.30345403,5.04247526,-2.56891178
1519522976.86401010,-2.34363193,5.02360276,-2.52340523
1519522976.89813709,-2.38177376,4.99954390,-2.47702774
1519522976.93060303,-2.41998315,4.97804809,-2.43160482
1519522976.96385598,-2.45700203,4.95498991,-2.38372868
1519522976.99723911,-2.49264459,4.93040454,-2.33484741
1519522977.03070593,-2.52687726,4.90350857,-2.28530382
1519522977.06379604,-2.56057622,4.87398156,-2.23569362
1519522977.09713101,-2.59311473,4.84237938,-2.18906153
1519522977.13065100,-2.62272702,4.80828637,-2.14032004
1519522977.16376209,-2.64998497,4.77286196,-2.09248816
1519522977.19716907,-2.67525241,4.73602211,-2.04487018
1519522977.23041391,-2.69914178,4.69714095,-1.99766777
1519522977.26370502,-2.71983376,4.65438652,-1.95098645
1519522977.29713702,-2.73850810,4.61071308,-1.90677995
1519522977.33052802,-2.75602613,4.56658037,-1.86139952
1519522977.36362600,-2.77318513,4.52385248,-1.81462951
1519522977.39688706,-2.78643054,4.48088952,-1.76925493
1519522977.43023610,-2.79939669,4.43770846,-1.72735446
1519522977.46357799,-2.81059949,4.39068990,-1.68125798
1519522977.49697089,-2.82008440,4.34325615,-1.63499734
1519522977.53018999,-2.82746016,4.29670120,-1.58556837
1519522977.56354403,-2.83250465,4.25132988,-1.53546956
1519522977.59682488,-2.83469692,4.20655839,-1.48820839
1519522977.63021898,-2.83472646,4.16118819,-1.44088046
1519522977.66345596,-2.83493391,4.11688992,-1.39084109
1519522977.69671011,-2.83375893,4.07198813,-1.34377043
1519522977.73010111,-2.83085678,4.02710259,-1.29584373
1519522977.76340389,-2.82589238,3.98238370,-1.24957090
1519522977.79674196,-2.81914462,3.93906249,-1.20278854
1519522977.82995796,-2.80255983,3.89911884,-1.16096834
1519522977.86334705,-2.78385653,3.85883763,-1.11511619
1519522977.89676690,-2.76531130,3.81848336,-1.06831461
1519522977.93002796,-2.74521988,3.76298062,-1.02148884
1519522977.96327901,-2.72494268,3.72773799,-0.97660094
1519522977.99649501,-2.69961800,3.69769295,-0.93137924
1519522978.02993393,-2.67925587,3.68592574,-0.88639811
1519522978.06317496,-2.65140775,3.66341372,-0.84025337
1519522978.09651208,-2.62255083,3.64221024,-0.79440486
1519522978.13010192,-2.59699195,3.61373366,-0.74661272
1519522978.16308999,-2.56925380,3.58108588,-0.69839063
1519522978.19708800,-2.53998914,3.54930364,-0.65217981
1519522978.23001003,-2.50840671,3.51779097,-0.60751444
1519522978.26311493,-2.47538964,3.48767882,-0.56376621
1519522978.29637408,-2.43778429,3.46000522,-0.52441350
1519522978.32979798,-2.39624893,3.43455055,-0.48607635
1519522978.36295891,-2.35129931,3.40975690,-0.45105661
1519522978.39671803,-2.30412567,3.38633653,-0.42347459
1519522978.42971301,-2.25282707,3.36487925,-0.40190383
1519522978.46316695,-2.20061287,3.34562679,-0.38384083
1519522978.49637794,-2.14847132,3.32748689,-0.37332234
1519522978.52966094,-2.09591849,3.31046672,-0.36592641
1519522978.56285095,-2.04426916,3.29422959,-0.35819765
1519522978.59621501,-2.00062473,3.27455735,-0.35223815
1519522978.62959409,-1.95767139,3.25294856,-0.34595581
1519522978.66277909,-1.91268074,3.23092431,-0.33999209
1519522978.69613695,-1.86755955,3.20916877,-0.33695987
1519522978.72990203,-1.81969820,3.19762440,-0.33041251
1519522978.76270604,-1.78865438,3.16582820,-0.32669868
1519522978.79624605,-1.74397560,3.14504083,-0.31675422
1519522978.82961297,-1.69831722,3.12444473,-0.31364579
1519522978.86280107,-1.65044455,3.10579211,-0.31171084
1519522978.89611197,-1.59606368,3.09010604,-0.31035108
1519522978.92934895,-1.54349952,3.07386564,-0.31111702
1519522978.96273589,-1.49050288,3.05744191,-0.31094287
1519522978.99596596,-1.43904646,3.03775337,-0.30906611
1519522979.02958012,-1.38710796,3.01801927,-0.30607333
1519522979.06259298,-1.33322890,2.99614006,-0.30553336
1519522979.09634900,-1.27550377,2.97579549,-0.30468211
1519522979.12982297,-1.21776134,2.95550007,-0.30351100
1519522979.16251111,-1.15999518,2.93527229,-0.30499188
1519522979.19580102,-1.09758303,2.92116941,-0.30125736
1519522979.22910905,-1.02696505,2.90903393,-0.30199826
1519522979.26238990,-0.95635607,2.89684614,-0.30316595
1519522979.29588199,-0.89773697,2.88282399,-0.30322634
1519522979.32909489,-0.84710921,2.86317939,-0.30511151
1519522979.36276007,-0.78921965,2.84681377,-0.30480813
1519522979.39563489,-0.73963086,2.82740618,-0.30642719
1519522979.42916894,-0.68735102,2.80578286,-0.30354291
1519522979.46224093,-0.63500904,2.78431042,-0.30506080
1519522979.49570394,-0.58265920,2.76288719,-0.30791025
1519522979.52889490,-0.53197412,2.74182482,-0.31007327
1519522979.56226206,-0.48554022,2.71076147,-0.31142515
1519522979.59555292,-0.43914835,2.67963537,-0.31023228
1519522979.62881899,-0.39341014,2.65360960,-0.31403261
1519522979.66214204,-0.34307083,2.62595914,-0.31938141
1519522979.69547701,-0.28472990,2.60513883,-0.32855203
1519522979.72873902,-0.22301040,2.58300528,-0.33717592
1519522979.76210594,-0.16491184,2.56154195,-0.34784403
1519522979.79538488,-0.10460835,2.53928689,-0.35895141
1519522979.82870507,-0.04901790,2.51803762,-0.37292528
1519522979.86204910,0.00538722,2.49923787,-0.38557067
1519522979.89539695,0.05979182,2.48034682,-0.40035756
1519522979.92864609,0.11702815,2.45933422,-0.41637131
1519522979.96198606,0.17434000,2.43654921,-0.43078483
1519522979.99526906,0.22975269,2.40953558,-0.44672373
1519522980.02867389,0.28424048,2.38062491,-0.46002714
1519522980.06194997,0.33625836,2.35202279,-0.47327867
1519522980.09517598,0.38829630,2.32352211,-0.48903790
1519522980.12852097,0.43988321,2.29421349,-0.50188866
1519522980.16187501,0.49136691,2.26409201,-0.51316074
1519522980.19527197,0.54250782,2.23339212,-0.52417470
1519522980.22844601,0.59335260,2.19878291,-0.53317177
1519522980.26180792,0.64535721,2.16284814,-0.54229988
1519522980.29507589,0.70078394,2.13026011,-0.55124051
1519522980.32836699,0.75591711,2.09717784,-0.55763929
1519522980.36176300,0.81030332,2.06288702,-0.56281628
1519522980.39497805,0.86299390,2.02927239,-0.57061813
1519522980.42829108,0.91569210,1.99567069,-0.57767162
1519522980.46168399,0.96815198,1.96169812,-0.58546282
1519522980.49505210,1.02048998,1.92651078,-0.59236546
1519522980.52824712,1.07257023,1.89094277,-0.59993520
1519522980.56191492,1.12454239,1.85489985,-0.60749321
1519522980.59499002,1.17471878,1.82035766,-0.61510157
1519522980.62965012,1.22463090,1.78543471,-0.62189758
1519522980.66159201,1.27237496,1.74748135,-0.62802812
1519522980.69481611,1.32178523,1.70785658,-0.63560555
1519522980.72821808,1.37445579,1.67216819,-0.64331391
1519522980.76149511,1.42660335,1.63625953,-0.64999696
1519522980.79480410,1.47527854,1.60032364,-0.65668470
1519522980.82811189,1.52281154,1.56289442,-0.66416432
1519522980.86143208,1.57170917,1.52519605,-0.67158742
1519522980.89466906,1.62056238,1.48694758,-0.67957666
1519522980.92801809,1.66887320,1.44850010,-0.68711951
1519522980.96139598,1.71638480,1.40811703,-0.69363480
1519522980.99466491,1.76717820,1.36447697,-0.70076771
1519522981.02790689,1.81832666,1.32126570,-0.70962613
1519522981.06136608,1.86908963,1.27760363,-0.71630409
1519522981.09461403,1.91822181,1.23476843,-0.72262755
1519522981.12786889,1.96181363,1.19391265,-0.73029014
1519522981.16116095,2.00658281,1.15438992,-0.73682625
1519522981.19454598,2.05386259,1.11353980,-0.74459631
1519522981.22779202,2.10165918,1.07155345,-0.75225739
1519522981.26109505,2.14753314,1.02749288,-0.75893916
1519522981.29445004,2.19489533,0.98143511,-0.76758004
1519522981.32772803,2.23947556,0.93726860,-0.77915901
1519522981.36109591,2.28407049,0.89471071,-0.79424523
1519522981.39448190,2.32676139,0.85319545,-0.81723668
1519522981.42771602,2.36848660,0.81070972,-0.84213772
1519522981.46100712,2.41098738,0.76884613,-0.86643386
1519522981.49432397,2.45002621,0.72300297,-0.89010026
1519522981.52765703,2.49108427,0.67877139,-0.91845815
1519522981.56090593,2.53029227,0.62754893,-0.95003437
1519522981.59431601,2.57112408,0.57744563,-0.98041782
1519522981.62762094,2.60031275,0.53213162,-1.01644880
1519522981.66085792,2.62690554,0.48732129,-1.04979905
1519522981.69444108,2.65198938,0.44164917,-1.08370828
1519522981.72747397,2.68008487,0.39757578,-1.12389315
1519522981.76076698,2.70830131,0.35095724,-1.16364272
1519522981.79446912,2.73242841,0.30607114,-1.20379398
1519522981.82739711,2.75597711,0.25701983,-1.24424728
1519522981.86086202,2.77360772,0.20606949,-1.28556261
1519522981.89406204,2.78877137,0.15068262,-1.32621873
1519522981.92739892,2.80217098,0.09845978,-1.36376455
1519522981.96073890,2.81945988,0.04954478,-1.40826593
1519522981.99440408,2.83444345,0.00059291,-1.45326167
1519522982.02727199,2.84565234,-0.04543427,-1.49811364
1519522982.06062794,2.85427236,-0.08496606,-1.54618475
1519522982.09386492,2.84709835,-0.12336227,-1.59277006
1519522982.12771392,2.83364317,-0.15400904,-1.64266894
1519522982.16058397,2.82332592,-0.18428132,-1.69086534
1519522982.19388509,2.82563450,-0.22953648,-1.74884736
1519522982.22733402,2.82812056,-0.27535395,-1.81542944
1519522982.26055694,2.82776096,-0.32040117,-1.87332160
1519522982.29384089,2.82180165,-0.36441770,-1.92872916
1519522982.32711291,2.81341388,-0.40803667,-1.98292264
1519522982.36041594,2.79939056,-0.45069723,-2.03415183
1519522982.39372301,2.78567885,-0.49234850,-2.08682550
1519522982.42708302,2.77010742,-0.53266626,-2.13878040
1519522982.46036410,2.75246325,-0.57212096,-2.19100418
1519522982.49364090,2.73131951,-0.60993809,-2.24133796
1519522982.52699995,2.70709447,-0.64816334,-2.29196344
1519522982.56029010,2.68128152,-0.68475495,-2.34100624
1519522982.59362507,2.65470483,-0.72100630,-2.39109145
1519522982.62692904,2.62571855,-0.75353967,-2.44237809
1519522982.66023302,2.59706999,-0.78527645,-2.49463833
1519522982.69354796,2.56444306,-0.81406603,-2.54689426
1519522982.72688103,2.53030609,-0.84114652,-2.59758431
1519522982.76014400,2.49384241,-0.86622763,-2.64949051
1519522982.79382396,2.45607113,-0.88927971,-2.70159040
1519522982.82674098,2.41379381,-0.91191385,-2.75073812
1519522982.86006999,2.37045557,-0.93244367,-2.80103213
1519522982.89350605,2.33006184,-0.95139288,-2.85189082
1519522982.92672801,2.29014587,-0.96830896,-2.90297818
1519522982.96007109,2.25129301,-0.98533102,-2.95514815
1519522982.99334693,2.21387711,-0.99728230,-3.01081209
1519522983.02668595,2.17686276,-1.00574235,-3.06204135
1519522983.06017494,2.14341177,-0.99881810,-3.10698938
1519522983.09340310,2.11341079,-0.98759010,3.13510608
1519522983.12662697,2.08069605,-0.97511843,3.10147241
1519522983.15992188,2.04254787,-0.97139486,3.05935161
1519522983.19320607,2.00260877,-0.96590491,3.01628263
1519522983.22654390,1.96554692,-0.95393847,2.97738700
1519522983.25995588,1.92687066,-0.94019066,2.93898515
1519522983.29316092,1.88938048,-0.93310823,2.89315077
1519522983.32645702,1.84623061,-0.92295694,2.84979847
1519522983.35975194,1.80947299,-0.91272083,2.80868919
1519522983.39323997,1.77478220,-0.90154117,2.76881089
1519522983.42638993,1.74627502,-0.89082661,2.73191751
1519522983.45975995,1.71818244,-0.87906787,2.69972157
1519522983.49302793,1.67813679,-0.86199379,2.66248589
1519522983.52637291,1.63575872,-0.84188453,2.62954149
1519522983.55969000,1.59351899,-0.82008285,2.59770278
1519522983.59295011,1.55204308,-0.79686758,2.56772368
1519522983.62630606,1.51128167,-0.77241952,2.53662682
1519522983.65958595,1.47110046,-0.74515795,2.50929200
1519522983.69296098,1.43167935,-0.71680836,2.48399463
1519522983.72623396,1.38969447,-0.68834175,2.45815828
1519522983.75955009,1.34845899,-0.65880003,2.43331209
1519522983.79288602,1.31085040,-0.62752749,2.40882228
1519522983.82609510,1.27710222,-0.59581661,2.38777855
1519522983.85946703,1.24447150,-0.55911980,2.37167434
1519522983.89284110,1.20659459,-0.51623902,2.35841163
1519522983.92615008,1.16774875,-0.47393089,2.34221391
1519522983.95939994,1.12576946,-0.43137242,2.32819818
1519522983.99277806,1.08321815,-0.38933851,2.30998741
1519522984.02603507,1.04180595,-0.34897854,2.29064503
1519522984.05931306,1.00168843,-0.30840263,2.27147469
1519522984.09292603,0.96349972,-0.26509585,2.25396025
1519522984.12599397,0.92656013,-0.22172254,2.23570728
1519522984.15928698,0.89228111,-0.18005820,2.21641826
1519522984.19265890,0.85956511,-0.13717316,2.19878501
1519522984.22587109,0.82571653,-0.08962644,2.18023929
1519522984.25925589,0.79275552,-0.04146018,2.16430680
1519522984.29249597,0.75985424,0.00674487,2.14242754
1519522984.32586598,0.72645561,0.05808301,2.12487791
1519522984.35913992,0.69396304,0.10999936,2.10716385
1519522984.39260793,0.66360606,0.15928416,2.08913702
1519522984.42592001,0.63320489,0.20857344,2.07189024
1519522984.45907307,0.60428526,0.25872310,2.05355286
1519522984.49238610,0.57599632,0.30841513,2.03582048
1519522984.52576590,0.54923189,0.35892152,2.01818895
1519522984.55897999,0.52463489,0.41277254,2.00344838
1519522984.59234810,0.50083432,0.46698026,1.99034038
1519522984.62566900,0.47711690,0.52424289,1.97807791
1519522984.65901089,0.45308908,0.57734460,1.96575978
1519522984.69233203,0.42820231,0.63437218,1.95571751
1519522984.72574806,0.40388948,0.69164680,1.94550118
1519522984.75891304,0.38129321,0.74961130,1.93713380
1519522984.79226089,0.35894745,0.81112351,1.93274605
1519522984.82554507,0.33805676,0.86682438,1.92659307
1519522984.85890698,0.31640465,0.92663594,1.92047563
1519522984.89224601,0.29590474,0.98248165,1.91430006
1519522984.92550492,0.27498951,1.04255486,1.90871056
1519522984.95878911,0.25364753,1.10283208,1.90318872
1519522984.99211693,0.23303935,1.16336452,1.89878009
1519522985.02545500,0.21269824,1.22398724,1.89537985
1519522985.05870104,0.19521724,1.27817170,1.89297757
1519522985.09213209,0.17592810,1.33820471,1.89057396
1519522985.12554097,0.15638825,1.39783830,1.88818092
1519522985.15875006,0.13686120,1.45747580,1.88501247
1519522985.19203806,0.11717853,1.51706284,1.88207486
1519522985.22530007,0.09997661,1.57072466,1.88094089
1519522985.25865102,0.07933960,1.63412665,1.87936685
1519522985.29191399,0.06158283,1.68870426,1.87828284
1519522985.32524395,0.04027002,1.75260666,1.87825482
1519522985.35855007,0.02118037,1.81159282,1.87829565
1519522985.39205194,0.00222753,1.87062240,1.87680120
1519522985.42516208,-0.01523466,1.92876226,1.87722151
1519522985.45846891,-0.03272128,1.98689477,1.87775681
1519522985.49195910,-0.05009497,2.04506357,1.87684640
1519522985.52505898,-0.06959125,2.11058748,1.87638274
1519522985.55839396,-0.08630799,2.16740589,1.87594995
1519522985.59182501,-0.10462421,2.22988073,1.87658571
1519522985.62506390,-0.12391888,2.28629174,1.87824035
1519522985.65831709,-0.14221216,2.34385122,1.87808249
1519522985.69170809,-0.16207455,2.40007991,1.87784818
1519522985.72497892,-0.18034526,2.45764656,1.87762814
1519522985.75826907,-0.19766818,2.51947295,1.87825302
1519522985.79173589,-0.21502973,2.58128850,1.87881453
1519522985.82497001,-0.23460258,2.64478126,1.87742724
1519522985.85839200,-0.25314928,2.70533837,1.87796209
1519522985.89160109,-0.27176388,2.76623200,1.87774602
1519522985.92488194,-0.29026231,2.82680461,1.87778048
1519522985.95814109,-0.30886639,2.88770145,1.87861944
1519522985.99182200,-0.32546222,2.94210504,1.87938180
1519522986.02476811,-0.34373248,2.99532841,1.87872440
1519522986.05803299,-0.36196774,3.04856377,1.87950199
1519522986.09174299,-0.38046560,3.10795087,1.87914847
1519522986.12468505,-0.39894247,3.16734449,1.87919557
1519522986.15814400,-0.42477749,3.22478182,1.87715587
1519522986.19136906,-0.45049531,3.28227173,1.87581450
1519522986.22458696,-0.47292493,3.34080706,1.87509111
1519522986.25792599,-0.49400302,3.40041991,1.87568283
1519522986.29164791,-0.51507299,3.46003394,1.87492902
1519522986.32454991,-0.53366391,3.52163513,1.87593601
1519522986.35789800,-0.55188816,3.58335261,1.87793295
1519522986.39133692,-0.56989750,3.64514081,1.87983876
1519522986.45787096,-0.59043549,3.71444591,1.88005497
1519522986.49156904,-0.61190651,3.78345324,1.88098928
1519522986.52447104,-0.63503508,3.85192984,1.88428793
1519522986.62460804,-0.66159702,3.93022428,1.90130767
1519522986.65771699,-0.69435533,4.00638522,1.92126941
1519522986.69096994,-0.71151087,4.06427757,1.93700510
1519522986.72424603,-0.73333050,4.11856629,1.95759149
1519522986.75771809,-0.75410502,4.17327334,1.97868155
1519522986.79161692,-0.77441534,4.22158481,2.00211413
1519522986.82424998,-0.79937551,4.27916197,2.02530853
1519522986.85762095,-0.82645265,4.33575955,2.04804514
1519522986.89087200,-0.85354129,4.39574770,2.07547115
1519522986.92420006,-0.88438828,4.45379745,2.10472385
1519522986.95747900,-0.91581306,4.50904788,2.13458384
1519522986.99079800,-0.94885843,4.56331187,2.16457770
1519522987.02413988,-0.98368534,4.61648003,2.19569748
1519522987.05739307,-1.02189530,4.67095878,2.22490182
1519522987.09072495,-1.06167976,4.72429857,2.25529561
1519522987.12451196,-1.10232399,4.77769553,2.28797898
1519522987.15732908,-1.14469139,4.82973582,2.31996037
1519522987.19090009,-1.18925241,4.87988208,2.34967259
1519522987.22451305,-1.23371343,4.92709171,2.38412229
1519522987.25734401,-1.27723076,4.97174148,2.42163412
1519522987.29065895,-1.32239198,5.01472781,2.46003365
1519522987.32392597,-1.37481105,5.05685740,2.50097909
1519522987.35719395,-1.42891072,5.09680596,2.53989271
1519522987.39057899,-1.47641879,5.13096458,2.58359914
1519522987.42384291,-1.52537397,5.16301484,2.62389857
1519522987.45712590,-1.57727415,5.19240448,2.66437924
1519522987.49070311,-1.63272021,5.21503006,2.70871449
1519522987.52376294,-1.68570223,5.23935299,2.74936156
1519522987.55715299,-1.74346401,5.25223177,2.79106792
1519522987.59056997,-1.80390541,5.26245993,2.82953276
1519522987.62377906,-1.87275558,5.27163235,2.86916400
1519522987.65709496,-1.93414979,5.27590024,2.90826665
1519522987.69043994,-1.98609050,5.29225261,2.95565809
1519522987.72370601,-2.03665816,5.30611966,3.00062708
1519522987.75699091,-2.08642166,5.31750415,3.04929277
1519522987.79073191,-2.13673940,5.32581329,3.09692886
1519522987.82357907,-2.18752232,5.33172263,-3.13554561
1519522987.85690999,-2.23943147,5.33546352,-3.08185275
1519522987.89032102,-2.29099242,5.34338333,-3.03053097
1519522987.92357397,-2.34300773,5.34166240,-2.97477825
1519522987.95683002,-2.39343040,5.34151534,-2.92320324
1519522987.99021292,-2.44087908,5.33941254,-2.86927794
1519522988.02345490,-2.48814544,5.33475534,-2.81776592
1519522988.05678701,-2.53491844,5.32657343,-2.76754192
1519522988.09035802,-2.58162689,5.31589464,-2.72003679
1519522988.12342501,-2.62691077,5.30043172,-2.66501482
1519522988.15669799,-2.67174968,5.28341984,-2.61457445
1519522988.19010401,-2.71394493,5.26517495,-2.56267105
1519522988.22336602,-2.75516651,5.24481096,-2.50899070
1519522988.25672197,-2.79417549,5.22457751,-2.45580062
1519522988.28992605,-2.83091491,5.20323052,-2.40143714
1519522988.32324600,-2.86644013,5.17991877,-2.34858497
1519522988.35656905,-2.90219383,5.15058757,-2.29727249
1519522988.38985610,-2.93679435,5.11901296,-2.24572211
1519522988.42321491,-2.97186359,5.08558100,-2.19374978
1519522988.45666599,-3.00514872,5.05037237,-2.13774627
1519522988.48987794,-3.03564995,5.01557470,-2.08593954
1519522988.52316904,-3.06430830,4.97924426,-2.03656748
1519522988.55643201,-3.09107129,4.94201219,-1.98451616
1519522988.59000707,-3.11586094,4.90343812,-1.93202571
1519522988.62308097,-3.13708103,4.86304548,-1.88088428
1519522988.65639997,-3.15620786,4.82162302,-1.83153239
1519522988.68999696,-3.17521071,4.77813367,-1.78038015
1519522988.72301412,-3.19190667,4.73400426,-1.72561182
1519522988.75642705,-3.20274279,4.68785571,-1.67371511
1519522988.78985000,-3.21085160,4.64117426,-1.62040023
1519522988.82327199,-3.21685843,4.59259115,-1.56815357
1519522988.85630107,-3.22236138,4.54375525,-1.51838326
1519522988.88985610,-3.22781690,4.50113225,-1.46585002
1519522988.92294788,-3.23108305,4.45881555,-1.41410949
1519522988.95622396,-3.23079500,4.41605806,-1.36467824
1519522988.98980093,-3.22720081,4.36765743,-1.31244621
1519522989.02287602,-3.22108460,4.31951045,-1.26245555
1519522989.05640697,-3.21269842,4.27168840,-1.21548494
1519522989.08961892,-3.20166759,4.22563473,-1.16637836
1519522989.12279105,-3.19088668,4.17168350,-1.11702899
1519522989.15604210,-3.17136455,4.11869911,-1.06997231
1519522989.18954992,-3.15350053,4.06443166,-1.02829237
1519522989.22269201,-3.12632018,4.01521815,-0.97932514
1519522989.25602198,-3.09786947,3.96904056,-0.92879824
1519522989.28939295,-3.06615647,3.93205161,-0.88032012
1519522989.32265401,-3.03268827,3.89664290,-0.83145300
1519522989.35600901,-2.99681856,3.85333145,-0.78426769
1519522989.38952804,-2.96198345,3.80871565,-0.73852294
1519522989.42258501,-2.92421611,3.76675932,-0.69510609
1519522989.45585489,-2.88421547,3.72610826,-0.65871735
1519522989.48922491,-2.84146743,3.68679119,-0.62643882
1519522989.52251101,-2.79245932,3.64818431,-0.59489760
1519522989.55585098,-2.74706482,3.61152069,-0.57337455
1519522989.58912110,-2.69711198,3.57129368,-0.54863330
1519522989.62250805,-2.64329313,3.53055066,-0.53027418
1519522989.65571904,-2.58374960,3.49090740,-0.51396189
1519522989.68911409,-2.52314576,3.45298742,-0.49691784
1519522989.72277308,-2.46087093,3.41554536,-0.48166567
1519522989.75572705,-2.39474698,3.38063598,-0.46744530
1519522989.78906107,-2.32524291,3.35239670,-0.45278409
1519522989.82239008,-2.25813844,3.31941138,-0.43978128
1519522989.85572195,-2.18925380,3.30299104,-0.42266949
1519522989.88890910,-2.11932081,3.26917043,-0.40991500
1519522989.92228699,-2.05857693,3.24042242,-0.39539117
1519522989.95560193,-1.99503720,3.20396886,-0.37955162
1519522989.98896098,-1.93694719,3.17092725,-0.36241516
1519522990.02219009,-1.87060564,3.14089920,-0.35069404
1519522990.05577803,-1.80663745,3.12307613,-0.33801231
1519522990.08878398,-1.73448785,3.09814352,-0.32653787
1519522990.12220001,-1.67050309,3.07690080,-0.31346701
1519522990.15541196,-1.60624615,3.05649620,-0.30213870
1519522990.18875909,-1.54130185,3.03829779,-0.29648760
1519522990.22222590,-1.48940379,3.02448331,-0.29416176
1519522990.25536394,-1.41687417,3.00894748,-0.29061323
1519522990.28871298,-1.36811522,2.98116557,-0.28889817
1519522990.32212305,-1.30926049,2.96233428,-0.28447792
1519522990.35535407,-1.25039408,2.94352060,-0.28331815
1519522990.38880897,-1.18969789,2.92451220,-0.28273686
1519522990.42192101,-1.12906122,2.90529622,-0.28172565
1519522990.45523810,-1.06804030,2.88740216,-0.28138472
1519522990.48862100,-1.00940868,2.86795076,-0.28188511
1519522990.52200699,-0.94161002,2.84996254,-0.28068879
1519522990.55513501,-0.88296487,2.83055194,-0.28121087
1519522990.58848906,-0.81821231,2.81349285,-0.28106448
1519522990.62185311,-0.76460624,2.79163163,-0.28177545
1519522990.65509510,-0.70676288,2.77155202,-0.28115653
1519522990.68843794,-0.65099786,2.75069222,-0.27968538
1519522990.72180605,-0.59448557,2.72970866,-0.28067098
1519522990.75501299,-0.53799400,2.70866942,-0.28098215
1519522990.78836799,-0.48099636,2.68938867,-0.28390472
1519522990.82166696,-0.42111344,2.67264339,-0.28651610
1519522990.85494494,-0.35673304,2.65195432,-0.29295163
1519522990.88830304,-0.29180860,2.63310087,-0.29863685
1519522990.92171502,-0.23322158,2.61333780,-0.30597884
1519522990.95488501,-0.17600007,2.59455174,-0.31064533
1519522990.98868299,-0.11893065,2.57530012,-0.31782429
1519522991.02157688,-0.06145663,2.55567999,-0.32507018
1519522991.05491590,-0.00200480,2.53470865,-0.33263260
1519522991.08814597,0.05594623,2.51589402,-0.33926635
1519522991.12152004,0.11376075,2.49163637,-0.34741074
1519522991.15479803,0.17168515,2.46776302,-0.35581385
1519522991.18807292,0.22909037,2.44255205,-0.36617642
1519522991.22141504,0.28324001,2.41886779,-0.37633456
1519522991.25477195,0.33780161,2.39629310,-0.38622687
1519522991.28803611,0.39306411,2.37286427,-0.39596583
1519522991.32137609,0.44995202,2.34812238,-0.40630492
1519522991.35464597,0.50658110,2.32279366,-0.41646108
1519522991.38800597,0.56388822,2.29763452,-0.42587256
1519522991.42129493,0.62231938,2.26979934,-0.43898294
1519522991.45463991,0.68042293,2.24129065,-0.44882382
1519522991.48793888,0.73620793,2.21319172,-0.45969078
1519522991.52149796,0.79201315,2.18515252,-0.46804517
1519522991.55456591,0.84758218,2.15664807,-0.47074308
1519522991.58791590,0.90376839,2.12594434,-0.47087462
1519522991.62115097,0.96491562,2.08997137,-0.47194234
1519522991.78769493,1.23169893,1.93396369,-0.47124558
1519522992.12089491,1.49859087,1.77814193,-0.47666124
1519522992.15418410,1.58036400,1.71092399,-0.49320253
1519522992.18761396,1.62950606,1.68383113,-0.50230090
1519522992.22089291,1.67839960,1.65629228,-0.51894065
1519522992.25408196,1.73251157,1.62469759,-0.53706359
1519522992.28741789,1.78598314,1.59202844,-0.55582212
1519522992.32072306,1.83841368,1.55768778,-0.57642093
1519522992.35402989,1.89189109,1.52207365,-0.59726584
1519522992.38737106,1.94380705,1.48416533,-0.61803118
1519522992.42073107,1.99442671,1.44953982,-0.63685944
1519522992.45395899,2.04157883,1.41604344,-0.66011833
1519522992.48737788,2.08849494,1.38372684,-0.68476199
1519522992.52062201,2.13460050,1.35026400,-0.70980703
1519522992.55393791,2.17964099,1.31425207,-0.73594008
1519522992.58715892,2.22714400,1.27111926,-0.76514225
1519522992.62059593,2.27012384,1.23267140,-0.79835063
1519522992.65384698,2.31354382,1.19818507,-0.83566245
1519522992.68723392,2.35564712,1.16210304,-0.88601917
1519522992.72046900,2.39468034,1.12293921,-0.92416946
1519522992.75379992,2.43219142,1.08231511,-0.96691133
1519522992.78715706,2.46852908,1.04307319,-1.00663344
1519522992.82038689,2.49774711,1.01116276,-1.04923184
1519522992.85372710,2.52366876,0.97693890,-1.08556493
1519522992.88706398,2.54785408,0.94269885,-1.13133306
1519522992.92036390,2.57304369,0.90186582,-1.18203162
1519522992.95369291,2.59170901,0.86459137,-1.23376213
1519522992.98699808,2.60879390,0.82534031,-1.28477314
1519522993.02033496,2.62537049,0.78571480,-1.33744799
1519522993.05369592,2.64295547,0.74566683,-1.39176142
1519522993.08690310,2.65834044,0.70472328,-1.44313514
1519522993.12020802,2.66859331,0.66265745,-1.47070183
1519522993.15364099,2.67780633,0.61909512,-1.52199809
1519522993.18687391,2.68667320,0.57482016,-1.57555055
1519522993.22011709,2.69635855,0.53050869,-1.62532666
1519522993.25349498,2.70141222,0.48617613,-1.67919787
1519522993.28678608,2.70407147,0.44163576,-1.73300962
1519522993.32010007,2.70285381,0.39725862,-1.78733946
1519522993.35339999,2.69970343,0.35517362,-1.83784652
1519522993.38675594,2.69523058,0.31308296,-1.89137540
1519522993.42009306,2.68843157,0.27104921,-1.94464004
1519522993.45356989,2.67781825,0.22937068,-1.99248012
1519522993.48666596,2.66375753,0.18960777,-2.04188622
1519522993.51999092,2.64795033,0.14680585,-2.09158503
1519522993.55324101,2.63071951,0.10445018,-2.14173969
1519522993.58660197,2.61138692,0.06301161,-2.19378998
1519522993.61996603,2.59222429,0.02583594,-2.24343889
1519522993.65327001,2.57077111,-0.00996916,-2.29860398
1519522993.68653703,2.54737637,-0.04453693,-2.35161928
1519522993.71981096,2.51896855,-0.07891646,-2.40494725
1519522993.75339293,2.49228235,-0.10854607,-2.45782802
1519522993.78648710,2.46000626,-0.14003314,-2.51058166
1519522993.81978202,2.42418360,-0.16935720,-2.55808774
1519522993.85303497,2.38572740,-0.19500605,-2.60700466
1519522993.88653803,2.35049835,-0.21882061,-2.65873440
1519522993.91970491,2.31642266,-0.24524072,-2.71363970
1519522993.95319200,2.28094844,-0.26975102,-2.77111152
1519522993.98631191,2.24870107,-0.29128282,-2.82977986
1519522994.01966190,2.22045246,-0.30797858,-2.88748992
1519522994.05293989,2.19108776,-0.32491909,-2.93836800
1519522994.08638310,2.15939310,-0.32569090,-2.99405789
1519522994.11961389,2.12763368,-0.33430201,-3.03640706
1519522994.15290499,2.09115443,-0.34202362,-3.08699586
1519522994.18624091,2.05433138,-0.34789071,3.14029593
1519522994.21949601,2.01907828,-0.34721857,3.09121636
1519522994.25316596,2.00116523,-0.33661544,3.05535881
1519522994.28610301,1.98370608,-0.32465676,3.00908977
1519522994.31952095,1.96371747,-0.31221926,2.96208805
1519522994.35275292,1.92278200,-0.31491839,2.90989902
1519522994.38608909,1.88128591,-0.31749406,2.85690374
1519522994.41942310,1.84014412,-0.31639021,2.80317929
1519522994.45280004,1.79909136,-0.31879982,2.75191731
1519522994.48626590,1.75599861,-0.31244890,2.70128184
1519522994.51938200,1.71994561,-0.29999024,2.65054945
1519522994.55265689,1.68659060,-0.28447599,2.60023289
1519522994.58592606,1.66427288,-0.27344572,2.54672886
1519522994.61923909,1.63104859,-0.25700675,2.48980733
1519522994.65278792,1.59395279,-0.23914308,2.43286580
1519522994.68595910,1.55748355,-0.21972233,2.37768981
1519522994.71919703,1.52884944,-0.20378833,2.32572678
1519522994.75251508,1.52365349,-0.18120576,2.28307766
1519522994.78579593,1.52032036,-0.15764914,2.23738327
1519522994.81917191,1.51394142,-0.13063413,2.19688625
1519522994.85278201,1.49890547,-0.09822625,2.15695623
1519522994.88578105,1.48175129,-0.06515823,2.12213513
1519522994.91911292,1.45541674,-0.01820608,2.08886829
1519522994.95239210,1.42873186,0.03297594,2.05721093
1519522994.98570395,1.40105463,0.08448643,2.04129085
1519522995.01902103,1.37420093,0.13643100,2.02504689
1519522995.05229402,1.34644387,0.18779903,2.01282985
1519522995.08568192,1.31931642,0.23950233,2.00504815
1519522995.11927509,1.29357885,0.29415390,1.99955585
1519522995.15219307,1.26814183,0.34894601,1.99446590
1519522995.18554306,1.24550036,0.40633863,1.98923572
1519522995.21886301,1.22088586,0.46283785,1.98729525
1519522995.25216508,1.19637055,0.51940845,1.98589209
1519522995.28555799,1.17047703,0.57537101,1.98219361
1519522995.31875491,1.14168489,0.63539795,1.98097122
1519522995.35215092,1.11447247,0.69515435,1.97722149
1519522995.38537002,1.08844002,0.75542368,1.97623462
1519522995.41870189,1.06270685,0.81516001,1.97670370
1519522995.45202994,1.03757530,0.87212519,1.97319975
1519522995.48572707,1.01264350,0.92917809,1.97165192
1519522995.51869106,0.98808196,0.98979853,1.97286292
1519522995.55226302,0.96344703,1.05038918,1.97144229
1519522995.58533096,0.93885591,1.10799566,1.96879271
1519522995.61874199,0.91480310,1.16439691,1.96696351
1519522995.65213108,0.89057740,1.22150212,1.96388323
1519522995.68528390,0.86814011,1.27857573,1.96345511
1519522995.71855903,0.84545349,1.33631997,1.96259109
1519522995.75207591,0.82173410,1.39638569,1.96127897
1519522995.78530002,0.79727961,1.45614744,1.95980803
1519522995.81850195,0.77291305,1.51594511,1.95827554
1519522995.85188007,0.74871644,1.57491454,1.95691454
1519522995.88510489,0.72499824,1.63528297,1.95510878
1519522995.91840506,0.70158069,1.69611091,1.95244618
1519522995.95176601,0.67832518,1.75700099,1.94992950
1519522995.98506188,0.65368616,1.81565199,1.94823969
1519522996.01837802,0.63002544,1.87212696,1.94674759
1519522996.05189490,0.60825361,1.92934949,1.94666481
1519522996.08496904,0.58648652,1.98657383,1.94485302
1519522996.11829591,0.56294551,2.04862083,1.94412963
1519522996.15163493,0.54074614,2.10306364,1.94489635
1519522996.18497610,0.51801181,2.16542737,1.94217769
1519522996.21830297,0.49561908,2.22031190,1.94313532
1519522996.25167704,0.47104510,2.28392904,1.94211353
1519522996.28492808,0.44893929,2.34139950,1.94056251
1519522996.31815004,0.42692941,2.39890681,1.93964983
1519522996.35164189,0.40651776,2.45703168,1.93832096
1519522996.38474488,0.38526332,2.51296106,1.93871848
1519522996.41833305,0.36296567,2.56992942,1.93774090
1519522996.45166707,0.34206106,2.62344006,1.93679904
1519522996.48480296,0.31987280,2.68045112,1.93838454
1519522996.51796603,0.29769271,2.73946054,1.93762966
1519522996.55153990,0.27421846,2.79797231,1.93769400
1519522996.58470702,0.25163438,2.85623196,1.93683379
1519522996.61818004,0.22844630,2.91426029,1.93750419
1519522996.65143609,0.20537560,2.97382000,1.93733738
1519522996.68470407,0.18296069,3.03363151,1.93897411
1519522996.71796393,0.16027273,3.09386037,1.93895610
1519522996.75137496,0.13813320,3.15267071,1.93908374
1519522996.78457689,0.11882090,3.21002557,1.94065073
1519522996.81786394,0.09941874,3.26735009,1.94032955
1519522996.85127497,0.07922151,3.32598842,1.93955943
1519522996.88447499,0.05445494,3.38541336,1.93744738
1519522997.11760998,0.03057364,3.45414351,1.93644064
1519522997.15105700,0.00498701,3.52221826,1.94170320
1519522997.18421793,-0.01815574,3.58629813,1.94767203
1519522997.21761990,-0.04004656,3.64611036,1.95907337
1519522997.25087690,-0.05706317,3.69440159,1.97606050
1519522997.28423595,-0.07489761,3.74239679,1.99850701
1519522997.31755710,-0.09846924,3.80921759,2.01889725
1519522997.35089898,-0.12651795,3.87404426,2.04963663
1519522997.38414907,-0.15223925,3.93075280,2.07635436
1519522997.41744804,-0.17989772,3.98651516,2.10447412
1519522997.45086694,-0.21325971,4.04037415,2.13175342
1519522997.48405290,-0.25200682,4.09614754,2.16093092
1519522997.51741910,-0.29734299,4.15278985,2.18891617
1519522997.55071211,-0.34424635,4.20814140,2.21761626
1519522997.58417201,-0.38430625,4.26075155,2.25007087
1519522997.61733007,-0.42605219,4.31203411,2.28242178
1519522997.65067911,-0.46943503,4.36193954,2.31516826
1519522997.68391299,-0.51237366,4.40871930,2.35101202
1519522997.71737599,-0.55696112,4.45393026,2.38623146
1519522997.75066495,-0.61471563,4.48721734,2.41770250
1519522997.78391600,-0.67899340,4.52353644,2.45253153
1519522997.81750011,-0.72295134,4.57219548,2.49621359
1519522997.85052800,-0.76766027,4.61788570,2.53880882
1519522997.88381600,-0.82041922,4.65270202,2.57900054
1519522997.91717601,-0.87552214,4.68538797,2.61992432
1519522997.95046806,-0.93191619,4.71579217,2.65829757
1519522997.98374295,-0.98750981,4.74486575,2.69918162
1519522998.01712799,-1.04260805,4.77506877,2.74097334
1519522998.05059505,-1.10040086,4.79944700,2.78467627
1519522998.08376288,-1.16978443,4.81417803,2.82578539
1519522998.11706400,-1.23971479,4.82604511,2.86627181
1519522998.15033293,-1.29639438,4.84518538,2.90903483
1519522998.18364096,-1.35332155,4.86407579,2.94781450
1519522998.21689606,-1.41137183,4.87853578,2.99031740
1519522998.25031090,-1.47108619,4.89036287,3.03126051
1519522998.28388405,-1.53662979,4.90004098,3.06983395
1519522998.31688190,-1.60533299,4.89908405,3.10554929
1519522998.35039997,-1.67395820,4.89567450,-3.14041953
1519522998.38345790,-1.73304004,4.89939347,-3.09885439
1519522998.41681004,-1.79222539,4.90065419,-3.05749051
1519522998.45010996,-1.85477567,4.89918285,-3.01508212
1519522998.48339796,-1.91724854,4.89538496,-2.96832151
1519522998.51706290,-1.97890652,4.88937041,-2.92056508
1519522998.55003309,-2.04020708,4.88041928,-2.87388433
1519522998.58343101,-2.10102317,4.86861738,-2.82593660
1519522998.61667705,-2.16450280,4.85407961,-2.77851476
1519522998.65039611,-2.21797372,4.84006258,-2.72966235
1519522998.68328309,-2.27099374,4.82308644,-2.68371317
1519522998.71665001,-2.32286033,4.80304816,-2.63766697
1519522998.75009394,-2.37409663,4.78127309,-2.58639244
1519522998.78325105,-2.42508810,4.75724811,-2.53525314
1519522998.81662989,-2.47151316,4.73291686,-2.48134104
1519522998.85004401,-2.51643499,4.70595876,-2.42817554
1519522998.88320994,-2.55960759,4.67651656,-2.37322163
1519522998.91650796,-2.60012598,4.64568685,-2.31951735
1519522998.94985795,-2.63991020,4.61179135,-2.26311900
1519522998.98313189,-2.67856455,4.57557357,-2.20531161
1519522999.01651907,-2.71506184,4.53718302,-2.14996121
1519522999.04989100,-2.74937940,4.49683216,-2.09643821
1519522999.08322191,-2.78300507,4.45551188,-2.03921736
1519522999.11637712,-2.81888493,4.40735294,-1.98165085
1519522999.14982295,-2.85297261,4.35763646,-1.92654142
1519522999.18304110,-2.88321007,4.30574866,-1.86470720
1519522999.21632004,-2.90467757,4.25896796,-1.81189692
1519522999.24982095,-2.92337143,4.21105183,-1.75842214
1519522999.28354502,-2.93842254,4.16776145,-1.70225706
1519522999.31691098,-2.94727012,4.12084894,-1.65323363
1519522999.34979391,-2.94994239,4.07323983,-1.60068207
1519522999.38286901,-2.95398743,4.02567197,-1.54771167
1519522999.41618395,-2.96100972,3.97311314,-1.49402194
1519522999.44988704,-2.96540875,3.92294899,-1.42707873
1519522999.48276091,-2.96830413,3.87233349,-1.37764913
1519522999.51618290,-2.95917373,3.82521071,-1.32189926
1519522999.54968905,-2.95754343,3.77773508,-1.27070333
1519522999.58308291,-2.95197136,3.73305888,-1.21699579
1519522999.61633110,-2.94515971,3.68609586,-1.16411075
1519522999.64937901,-2.93486613,3.64226605,-1.11377436
1519522999.68308902,-2.91494133,3.60293545,-1.06540876
1519522999.71595001,-2.89313832,3.56461414,-1.01700378
1519522999.74930191,-2.87202213,3.51849725,-0.96559295
1519522999.78262901,-2.84584572,3.46959718,-0.91520924
1519522999.81601405,-2.81680992,3.42240807,-0.86724565
1519522999.84958196,-2.78549017,3.37671188,-0.81603972
1519522999.88260889,-2.75172753,3.33968698,-0.76463001
1519522999.91590905,-2.71617824,3.30451441,-0.71355589
1519522999.94921899,-2.68106072,3.26853220,-0.66201357
1519522999.98254108,-2.64326474,3.23268275,-0.60888707
1519523000.01579094,-2.60361843,3.19889090,-0.55716693
1519523000.04911590,-2.56426731,3.16400109,-0.50656974
1519523000.08248210,-2.52219751,3.13058879,-0.46183939
1519523000.11580396,-2.47119182,3.10188211,-0.42208030
1519523000.14909792,-2.41865531,3.07618324,-0.39432128
1519523000.18230510,-2.36141278,3.05028259,-0.37385621
1519523000.21588397,-2.29187907,3.02262996,-0.35087124
1519523000.24936390,-2.22199822,2.99584495,-0.33853895
1519523000.28244710,-2.15288795,2.97030950,-0.32630807
1519523000.31558704,-2.09840636,2.93464924,-0.31252547
1519523000.34951591,-2.04343848,2.89974323,-0.30476023
1519523000.38223910,-1.98302462,2.87995162,-0.29639378
1519523000.41594911,-1.92134042,2.86032811,-0.29033471
1519523000.44889307,-1.85677386,2.84025271,-0.28429959
1519523000.48225498,-1.79546671,2.81928960,-0.27986810
1519523000.51551104,-1.73249666,2.79992157,-0.27420153
1519523000.54885101,-1.66979032,2.78101544,-0.27336218
1519523000.58207107,-1.60706813,2.76216194,-0.27192059
1519523000.61538601,-1.54715345,2.74321944,-0.26964876
1519523000.64873695,-1.49028865,2.72491497,-0.26604403
1519523000.68206000,-1.43335823,2.70681560,-0.26457583
1519523000.71534109,-1.37034595,2.68776445,-0.26452558
1519523000.74870896,-1.30733272,2.66871646,-0.26465258
1519523000.78195310,-1.24712142,2.65041917,-0.26427741
1519523000.81529593,-1.18730523,2.63065903,-0.26490167
1519523000.84859991,-1.12668761,2.61311832,-0.26501204
1519523000.88188696,-1.06637229,2.59446421,-0.26601532
1519523000.91522598,-1.00591037,2.57689309,-0.26588505
1519523000.94860601,-0.94627305,2.55836654,-0.26792199
1519523000.98185205,-0.88598492,2.54016955,-0.27231587
1519523001.01512003,-0.82675580,2.52022917,-0.27753141
1519523001.04846096,-0.77016851,2.50245739,-0.28153028
1519523001.08181310,-0.71404214,2.48422813,-0.28677864
1519523001.11506891,-0.65713431,2.46758619,-0.29250789
1519523001.14841294,-0.59609233,2.44720031,-0.29905376
1519523001.18172002,-0.53594200,2.42396018,-0.30286503
1519523001.21501493,-0.47600211,2.40052891,-0.30404078
1519523001.24833989,-0.41781516,2.37832789,-0.30871462
1519523001.28163099,-0.35614815,2.36039508,-0.31295378
1519523001.31498909,-0.29373325,2.33819819,-0.31783691
1519523001.34828711,-0.23142747,2.31569679,-0.32279557
1519523001.38171911,-0.17634528,2.29526538,-0.32813015
1519523001.41487193,-0.12124689,2.27491044,-0.33441985
1519523001.44821405,-0.06359634,2.25588467,-0.34068216
1519523001.48154306,-0.00536943,2.23625128,-0.34687339
1519523001.51485801,0.05449326,2.21562212,-0.35173077
1519523001.54841399,0.11414177,2.19439375,-0.35881734
1519523001.58143997,0.17400753,2.17372757,-0.36441654
1519523001.61495709,0.23278637,2.15134128,-0.36683421
1519523001.64808607,0.29129668,2.12825537,-0.36821511
1519523001.68143511,0.34792443,2.10580268,-0.36622547
1519523001.71466708,0.40755404,2.08284076,-0.36736002
1519523001.74812603,0.46715755,2.05981121,-0.36847207
1519523001.78144503,0.52906285,2.03683305,-0.36995058
1519523001.81467891,0.59128367,2.01466477,-0.36948257
1519523001.84808898,0.65210389,1.99307204,-0.36883112
1519523001.88131309,0.70716145,1.97219949,-0.36765934
1519523001.91462994,0.76045889,1.94675838,-0.36791031
1519523001.94791293,0.82200142,1.92248143,-0.36684684
1519523001.98123407,0.88287811,1.89517039,-0.36862802
1519523002.08114100,0.94471022,1.87006023,-0.37205472
1519523002.11448097,1.00645593,1.84473832,-0.37161378
1519523002.14773893,1.06823777,1.82136906,-0.36991129
1519523002.18115211,1.12615228,1.79962001,-0.36922294
1519523002.21471000,1.17824761,1.77701875,-0.36446544
1519523002.24782395,1.23044989,1.75466559,-0.36386877
1519523002.28104305,1.28772332,1.73150016,-0.36556587
1519523002.31433511,1.34651493,1.70867418,-0.36758903
1519523002.34767604,1.40370177,1.68529584,-0.37233058
1519523002.38097501,1.46136176,1.66171910,-0.37764770
1519523002.41429400,1.51768920,1.63831465,-0.38407964
1519523002.44757509,1.57523576,1.61447668,-0.38923778
1519523002.48095012,1.63494706,1.58976650,-0.39845893
1519523002.51432705,1.69442797,1.56450678,-0.40832906
1519523002.54749608,1.74759494,1.54105096,-0.41635598
1519523002.58083391,1.80057192,1.51716913,-0.42519324
1519523002.61412597,1.85500913,1.49337983,-0.43514563
1519523002.64740801,1.90981124,1.46876899,-0.44677017
1519523002.68111396,1.96285380,1.44199741,-0.45969491
1519523002.71411991,2.01612306,1.41425680,-0.47662290
1519523002.74744606,2.06895696,1.38569952,-0.49635030
1519523002.78063798,2.12406206,1.35456492,-0.51743518
1519523002.81399798,2.17849849,1.32227544,-0.54080680
1519523002.84729004,2.23263144,1.28943357,-0.56697417
1519523002.88070202,2.28484633,1.25927021,-0.59316174
1519523002.91399503,2.33879968,1.22603349,-0.62521573
1519523002.94732690,2.38746814,1.19411054,-0.66016865
1519523002.98052812,2.43437723,1.16214089,-0.69177093
1519523003.01385593,2.48025275,1.12870501,-0.72550394
1519523003.04719710,2.52845825,1.09065135,-0.76195380
1519523003.08047605,2.57506084,1.05067328,-0.79675825
1519523003.11382699,2.60918595,1.02041004,-0.83373601
1519523003.14712906,2.64357253,0.99017998,-0.87328913
1519523003.18067002,2.68616676,0.94736140,-0.90989307
1519523003.21380711,2.72716548,0.90301274,-0.94868515
1519523003.24702096,2.76766496,0.85680438,-0.98739140
1519523003.28035212,2.80543856,0.81128048,-1.02811702
1519523003.31371903,2.84132736,0.76425640,-1.07556695
1519523003.34729290,2.87314607,0.72549663,-1.12055219
1519523003.38030291,2.89853631,0.69497215,-1.16704876
1519523003.41364288,2.92166913,0.66519936,-1.21622898
1519523003.44689989,2.92557744,0.62555859,-1.24355843
1519523003.48066902,2.92871488,0.58490132,-1.28741577
1519523003.51357198,2.94857407,0.54738292,-1.34026671
1519523003.54688001,2.96770021,0.50616141,-1.39265362
1519523003.58017206,2.98431825,0.46579092,-1.44731289
1519523003.61351490,2.99837470,0.42453173,-1.49893758
1519523003.64676404,3.00013580,0.39748032,-1.54548705
1519523003.68007994,2.98848160,0.37006857,-1.58627258
1519523003.71352100,2.97531954,0.33955439,-1.63137871
1519523003.74672794,2.96103211,0.30789144,-1.67894224
1519523003.78004098,2.96867748,0.26293890,-1.73706123
1519523003.81333995,2.97336786,0.21564602,-1.79253388
1519523003.84666395,2.97068744,0.16923477,-1.84739419
1519523003.87995505,2.96322938,0.12107271,-1.89954269
1519523003.91331005,2.95327102,0.07336488,-1.95097799
1519523003.94698501,2.93948941,0.02755159,-2.00446100
1519523003.97994494,2.92327844,-0.01745945,-2.05557156
1519523004.01320910,2.90478910,-0.06158353,-2.10468581
1519523004.04652596,2.88896363,-0.10494878,-2.15726489
1519523004.07987809,2.87088098,-0.14742240,-2.21186252
1519523004.11329508,2.84905403,-0.18650284,-2.26340901
1519523004.14662194,2.82641264,-0.22175183,-2.31748561
1519523004.17984605,2.80248247,-0.25626535,-2.37178453
1519523004.21312499,2.77391067,-0.29104005,-2.42464836
1519523004.24641800,2.74400464,-0.32769509,-2.47676201
1519523004.27973294,2.71137259,-0.35855260,-2.52996208
1519523004.31306005,2.67603990,-0.38938107,-2.57846539
1519523004.34635711,2.63809292,-0.41825005,-2.62816603
1519523004.37969899,2.59734547,-0.44587184,-2.67958175
1519523004.41310906,2.55416450,-0.46921864,-2.73389098
1519523004.44633198,2.51072970,-0.49238620,-2.78521994
1519523004.47958302,2.46780389,-0.51141414,-2.84127110
1519523004.51299405,2.42443121,-0.52953856,-2.89449058
1519523004.54620790,2.38015581,-0.54533014,-2.94766943
1519523004.57951307,2.33847375,-0.55808413,-3.00343019
1519523004.61295009,2.29998859,-0.56734484,-3.05775418
1519523004.64614511,2.26351284,-0.54869599,-3.10041821
1519523004.67946196,2.23746973,-0.52775093,3.13941257
1519523004.71276593,2.21235886,-0.50569682,3.10020114
1519523004.74636793,2.18701702,-0.50959369,3.02034410
1519523004.77940607,2.15198660,-0.51030408,2.96828549
1519523004.81279993,2.11824168,-0.50190761,2.91764103
1519523004.84599900,2.08472639,-0.49175927,2.87476114
1519523004.87935710,2.05669876,-0.48197756,2.82470012
1519523004.91262698,2.02517176,-0.46982241,2.77403444
1519523004.94596291,1.99177757,-0.46263909,2.72145734
1519523004.97924304,1.95248959,-0.45303232,2.66966786
1519523005.01260090,1.91375159,-0.44140464,2.61963459
1519523005.04595900,1.88811751,-0.42500263,2.57776675
1519523005.07921505,1.86337790,-0.40724871,2.53590877
1519523005.11259103,1.83626433,-0.38630161,2.49458563
1519523005.14581609,1.81083349,-0.36320101,2.45967668
1519523005.17917705,1.79273513,-0.32595997,2.44093521
1519523005.21251702,1.77200038,-0.28557141,2.42497118
1519523005.24576092,1.73559690,-0.25493482,2.41105063
1519523005.27908301,1.69345775,-0.21827067,2.40035074
1519523005.31242990,1.65212979,-0.18070276,2.39082854
1519523005.34585094,1.60976721,-0.14144219,2.38387847
1519523005.37902808,1.57128831,-0.09807275,2.37129872
1519523005.41239500,1.52903147,-0.05737515,2.36266908
1519523005.44566298,1.48724901,-0.01511565,2.35179237
1519523005.47894692,1.44524724,0.02713784,2.34109801
1519523005.51226711,1.40438602,0.07028873,2.33090355
1519523005.54557800,1.36305219,0.11401887,2.32141321
1519523005.57887197,1.32270455,0.15752893,2.31217883
1519523005.61222005,1.28187741,0.19981473,2.30158368
1519523005.64554405,1.24150057,0.24253072,2.28969838
1519523005.67890501,1.20105326,0.28800955,2.27549965
1519523005.71219611,1.16294635,0.33549569,2.26192951
1519523005.74552894,1.12229922,0.38734846,2.24838817
1519523005.77872491,1.08094351,0.43841036,2.23550074
1519523005.81208801,1.04024927,0.49000098,2.22061299
1519523005.84538007,1.00537894,0.53663061,2.20795880
1519523005.87868094,0.97110144,0.58369775,2.19603393
1519523005.91212201,0.93601549,0.62813265,2.18277345
1519523005.94531703,0.89877736,0.67693917,2.17333643
1519523005.97871304,0.86400238,0.72763293,2.16437608
1519523006.01200390,0.82968303,0.77863624,2.15636084
1519523006.04553699,0.79667445,0.82805967,2.14998524
1519523006.07859397,0.76398164,0.87769255,2.14470985
1519523006.11194706,0.73220633,0.92667187,2.14204574
1519523006.14526606,0.69772912,0.98123989,2.14215106
1519523006.17853189,0.66685588,1.03018936,2.14171861
1519523006.21185899,0.63148178,1.08546006,2.14038502
1519523006.24562812,0.59880387,1.13668280,2.13956717
1519523006.27844000,0.56354877,1.19202947,2.13977026
1519523006.31182790,0.53113395,1.24342040,2.13808640
1519523006.34511399,0.49395981,1.30006290,2.13774544
1519523006.37841892,0.45841828,1.35418413,2.13509340
1519523006.41205692,0.42298517,1.40837713,2.13512929
1519523006.44511509,0.39396845,1.45242934,2.13583484
1519523006.47829103,0.36687586,1.49484192,2.13568275
1519523006.51180601,0.34256559,1.53901791,2.13560286
1519523006.54499793,0.31548541,1.58143273,2.13699349
1519523006.57827306,0.28938249,1.62179517,2.13768250
1519523006.61186004,0.26323734,1.66213043,2.13840668
1519523006.64490604,0.23707741,1.70245594,2.13808605
1519523006.67827606,0.21254250,1.74037500,2.13852187
1519523006.71182990,0.18824073,1.77789191,2.13933700
1519523006.74487901,0.16303189,1.81482900,2.13998006
1519523006.77813506,0.14008219,1.84818183,2.13775915
1519523006.81157804,0.11943724,1.88101000,2.13741482
1519523006.84470010,0.09880360,1.91384527,2.13700034
1519523006.87812996,0.07730198,1.94623894,2.14229362
1519523006.91160393,0.05562919,1.97851834,2.14251168
1519523006.94464588,0.03472956,2.00976817,2.14591709
1519523006.97796798,0.01539300,2.03883170,2.14485994
1519523007.01141810,-0.00391282,2.06791566,2.14603625
1519523007.04474592,-0.02444278,2.09881212,2.14863469
1519523007.11158490,-0.04463749,2.12992605,2.15651953
1519523007.14455700,-0.06164090,2.15705462,2.16107272
1519523007.17791605,-0.07876766,2.18410548,2.16455282
1519523007.27782798,-0.09221902,2.20187330,2.17685838
1519523007.31146002,-0.10351708,2.21605337,2.17808660
1519523007.34441805,-0.11399967,2.23079831,2.18106546
1519523007.37774897,-0.12452614,2.24551196,2.18464684
1519523007.41109705,-0.13393014,2.25852023,2.19198857
1519523007.44446802,-0.13983595,2.26674216,2.19871899
1519523007.47777104,-0.14519364,2.27409305,2.19912800
1519523007.51101303,-0.14930416,2.27956449,2.19895109
1519523007.54433298,-0.15341372,2.28503666,2.20418286
1519523007.57761002,-0.15755186,2.29048725,2.20762584
1519523007.61089206,-0.15994654,2.29488720,2.21206260
1519523007.64465690,-0.16090258,2.29675036,2.21649074
1519523007.67757201,-0.16161634,2.29827674,2.21413176
1519523007.71084809,-0.16104083,2.29809001,2.21129493
1519523007.74411011,-0.16098314,2.29751609,2.21189753
1519523007.77779007,-0.16091645,2.29775802,2.21199012
1519523007.81079698,-0.16125261,2.29771233,2.21152244
1519523007.84426498,-0.16143997,2.29777776,2.21129931
1519523007.87743402,-0.16159946,2.29780588,2.21134902
1519523007.91072798,-0.16175896,2.29783399,2.21100414
1519523007.94433498,-0.16199340,2.29808366,2.21108842
1519523007.97734094,-0.16225605,2.29837113,2.21116321
1519523008.01069498,-0.16240175,2.29874575,2.21094597
1519523008.04396701,-0.16228793,2.29877207,2.21123141
1519523008.07736897,-0.16217413,2.29879843,2.21058065
1519523008.11064196,-0.16229902,2.29886894,2.21108803
1519523008.14398193,-0.16226033,2.29906127,2.21082712
1519523008.17720509,-0.16249630,2.29928090,2.21062276
1519523008.21063089,-0.16242633,2.29943130,2.21045213
1519523008.24383593,-0.16238389,2.29962482,2.21056227
1519523008.27718902,-0.16234147,2.29981835,2.21068483
1519523008.31054592,-0.16253024,2.30037078,2.21063694
1519523008.34381199,-0.16281774,2.30084971,2.21040135
1519523008.37711191,-0.16284352,2.30097705,2.21072910
1519523008.41040802,-0.16285606,2.30102139,2.21079398
1519523008.44370890,-0.16291309,2.30112549,2.21081292
1519523008.47704601,-0.16267895,2.30126603,2.21111808
1519523008.51032400,-0.16263844,2.30166645,2.21104943
1519523008.54377389,-0.16251058,2.30189570,2.21091683
1519523008.57713389,-0.16257297,2.30210786,2.21105646
1519523008.61160111,-0.16263539,2.30232002,2.21098066
1519523008.64588094,-0.16269780,2.30253217,2.21077172
1519523008.67719007,-0.16306677,2.30272011,2.21102246
1519523008.71021795,-0.16340972,2.30287298,2.21089878
1519523008.74354100,-0.16375266,2.30302589,2.21071873
1519523008.77684689,-0.16414721,2.30314042,2.21101305
1519523008.81020093,-0.16403850,2.30322059,2.21076555
1519523008.84344101,-0.16389407,2.30325279,2.21075725
1519523008.87675810,-0.16374964,2.30328499,2.21075533
1519523008.91012192,-0.16378130,2.30318610,2.21051076
1519523008.94335699,-0.16416363,2.30331434,2.21077699
1519523008.97691488,-0.16429993,2.30335600,2.21041578
1519523009.01015496,-0.16453480,2.30332435,2.21104619
1519523009.04334998,-0.16462248,2.30340218,2.21078893
1519523009.07661700,-0.16493983,2.30348125,2.21073830
1519523009.11041403,-0.16510998,2.30366992,2.21051423
1519523009.14495492,-0.16505542,2.30378451,2.21058950
1519523009.17664409,-0.16498743,2.30388103,2.21073612
1519523009.20994997,-0.16495156,2.30395366,2.21073664
1519523009.24324608,-0.16503117,2.30418139,2.21064353
1519523009.27664089,-0.16511076,2.30440913,2.21082433
1519523009.30985999,-0.16541031,2.30447310,2.21050045
1519523009.34317398,-0.16583713,2.30470825,2.21040318
1519523009.37649012,-0.16622930,2.30496920,2.21042623
1519523009.40982199,-0.16632941,2.30532372,2.21039726
1519523009.44305491,-0.16626482,2.30550260,2.21047976
1519523009.47638702,-0.16634304,2.30587341,2.21058527
1519523009.51009297,-0.16624894,2.30620727,2.21051656
1519523009.54303098,-0.16634220,2.30640168,2.21063134
1519523009.57655811,-0.16639408,2.30654044,2.21061948
1519523009.60976005,-0.16636164,2.30656592,2.21050153
1519523009.64298296,-0.16638727,2.30672421,2.21044253
1519523009.67626905,-0.16647541,2.30696651,2.21065393
1519523009.70969009,-0.16656359,2.30720879,2.21044365
1519523009.74288201,-0.16665512,2.30744857,2.21073986
1519523009.77617407,-0.16663530,2.30753865,2.21060225
1519523009.80974388,-0.16684892,2.30768502,2.21061801
1519523009.84284711,-0.16708984,2.30781106,2.21056986
1519523009.87633801,-0.16733075,2.30793712,2.21044044
1519523009.90949798,-0.16734394,2.30801095,2.21053231
1519523009.94277096,-0.16734937,2.30809055,2.21041203
1519523009.97609711,-0.16735489,2.30817008,2.21046611
1519523010.00954795,-0.16732037,2.30819577,2.21037446
