1519523021.06897712,-0.00000001,-0.00000001,-0.00000000
1519523021.10235906,-0.00000001,-0.00001913,0.00034400
1519523021.13556790,-0.00004043,-0.00003825,0.00082740
1519523021.16894698,0.00023989,-0.00017120,0.00101487
1519523021.20219803,0.00016192,-0.00028924,0.00121063
1519523021.23548603,0.00044227,-0.00040686,0.00122562
1519523021.26885104,0.00033175,-0.00052495,0.00105818
1519523021.30220699,0.00046780,-0.00039437,0.00121880
1519523021.33545089,0.00028719,-0.00029263,0.00116357
1519523021.36878109,0.00015495,-0.00019083,0.00119293
1519523021.40207911,0.00002288,-0.00023340,0.00125664
1519523021.43537092,0.00016489,-0.00027564,0.00124080
1519523021.46871090,0.00030689,-0.00031788,0.00109022
1519523021.50203705,0.00038022,-0.00035331,0.00116047
1519523021.53534698,0.00030710,-0.00038890,0.00106143
1519523021.56863809,0.00038031,-0.00030927,0.00107462
1519523021.60193706,0.00034357,-0.00022975,0.00095118
1519523021.63527393,0.00030697,-0.00029532,0.00114423
1519523021.66866398,0.00027039,-0.00036089,0.00120941
1519523021.70187902,0.00022020,-0.00025282,0.00108086
1519523021.73522496,0.00018471,-0.00014473,0.00103828
1519523021.76855898,0.00014922,-0.00003663,0.00115754
1519523021.80180693,0.00011394,-0.00012228,0.00102176
1519523021.83512211,0.00006225,-0.00001302,0.00114686
1519523021.86851001,0.00001097,-0.00027159,0.00092611
1519523021.90200901,0.00002168,-0.00032579,0.00113853
1519523021.93514395,0.00003241,-0.00037998,0.00118994
1519523021.96840906,0.00004314,-0.00043418,0.00113239
1519523022.00172591,-0.00002577,-0.00041166,0.00113640
1519523022.03507090,0.00000593,-0.00038903,0.00127765
1519523022.06832695,-0.00003306,-0.00034942,0.00110307
1519523022.10169792,-0.00001418,-0.00030974,0.00109701
1519523022.13500094,0.00000470,-0.00028176,0.00110497
1519523022.16835904,0.00002359,-0.00025378,0.00115052
1519523022.20169806,0.00005992,-0.00022579,0.00109607
1519523022.23490596,0.00006344,-0.00018991,0.00099876
1519523022.26826000,0.00006340,-0.00020065,0.00111894
1519523022.30161309,0.00005629,-0.00016479,0.00118301
1519523022.33486295,0.00000857,-0.00034452,0.00104418
1519523022.36816502,-0.00003948,-0.00022963,0.00105974
1519523022.40151811,-0.00004906,-0.00012726,0.00115872
1519523022.43477893,0.00000703,-0.00002481,0.00106197
1519523022.46805692,-0.00000253,0.00005650,0.00134418
1519523022.50140905,0.00006302,0.00013791,0.00108013
1519523022.53468990,0.00003555,0.00021921,0.00107671
1519523022.56802297,0.00003100,0.00017885,0.00096152
1519523022.60129309,0.00002645,0.00013848,0.00098721
1519523022.63460803,0.00002198,0.00001390,0.00104256
1519523022.66817689,0.00000600,0.00014636,0.00118432
1519523022.70131993,-0.00000967,0.00000478,0.00112241
1519523022.73452997,-0.00002395,0.00004140,0.00121574
1519523022.76827002,0.00002609,-0.00000825,0.00113501
1519523022.80124497,0.00001181,0.00002836,0.00109832
1519523022.83452511,0.00012875,-0.00002122,0.00104674
1519523022.86824107,-0.00004019,0.00005072,0.00118162
1519523022.90138888,0.00001873,-0.00011405,0.00115269
1519523022.93446708,0.00002275,-0.00004193,0.00116714
1519523022.96810603,0.00002691,-0.00008089,0.00113272
1519523023.00105000,0.00003090,0.00002876,0.00112781
1519523023.03462291,-0.00000051,-0.00001024,0.00114204
1519523023.06770110,-0.00005672,0.00000773,0.00112035
1519523023.10109401,-0.00011292,0.00002502,0.00113005
1519523023.13432193,-0.00013836,0.00004302,0.00108678
1519523023.16767097,-0.00016379,0.00006035,0.00109741
1519523023.20090795,-0.00018925,0.00009571,0.00133392
1519523023.23436999,0.00001096,-0.00002484,0.00123610
1519523023.26762700,0.00027105,-0.00004656,-0.00058737
1519523023.30088091,0.00181467,-0.00016139,-0.00135133
1519523023.33416200,0.00476375,-0.00018741,-0.00101580
1519523023.36751795,0.00818077,-0.00006185,-0.00136569
1519523023.40097904,0.01201643,0.00006194,-0.00248315
1519523023.43416810,0.01631233,0.00015777,-0.00359837
1519523023.46768403,0.02088235,0.00011783,-0.00560542
1519523023.50077105,0.02683080,0.00001717,-0.00769243
1519523023.53408504,0.03363225,-0.00020975,-0.01234019
1519523023.56749892,0.04262323,-0.00106719,-0.01688220
1519523023.60097003,0.05161022,-0.00196547,-0.02205353
1519523023.63395500,0.05918384,-0.00160111,-0.02796853
1519523023.66734290,0.06651716,-0.00127479,-0.03620509
1519523023.70125294,0.07382937,-0.00165879,-0.04463391
1519523023.73391294,0.08305336,-0.00280070,-0.05537442
1519523023.76731801,0.09301838,-0.00408339,-0.06674083
1519523023.80088091,0.10385470,-0.00503185,-0.08007404
1519523023.83388901,0.11614336,-0.00624234,-0.09505853
1519523023.86726499,0.12864942,-0.00808267,-0.11001885
1519523023.90048695,0.14157018,-0.01015889,-0.12349485
1519523023.93378997,0.15594389,-0.01231189,-0.13810799
1519523023.96728396,0.17029534,-0.01459743,-0.15354019
1519523024.00083494,0.18491768,-0.01721148,-0.16862093
1519523024.03377008,0.19950883,-0.01998760,-0.18386401
1519523024.06707311,0.21414064,-0.02306154,-0.19992506
1519523024.10052109,0.23009998,-0.02719619,-0.21678846
1519523024.13371801,0.24598733,-0.03159936,-0.23340340
1519523024.16697001,0.26226317,-0.03567451,-0.25042947
1519523024.20057106,0.27885754,-0.04012601,-0.26809207
1519523024.23361492,0.29584218,-0.04499941,-0.28477058
1519523024.26693010,0.31307018,-0.04990288,-0.30335544
1519523024.30028701,0.33036745,-0.05517680,-0.32172120
1519523024.33354497,0.34797379,-0.06203571,-0.34025394
1519523024.36686397,0.36545000,-0.06921972,-0.35829754
1519523024.40015888,0.38284395,-0.07658382,-0.37800829
1519523024.43350410,0.40091020,-0.08461526,-0.39780470
1519523024.46679091,0.41881393,-0.09300276,-0.41655642
1519523024.50017405,0.43761861,-0.10117871,-0.43626957
1519523024.53345799,0.45451748,-0.10891202,-0.45647344
1519523024.56667995,0.47248250,-0.11765158,-0.47620846
1519523024.60009289,0.49027156,-0.12674396,-0.49552120
1519523024.63334608,0.50811812,-0.13574081,-0.51558442
1519523024.66665602,0.52607783,-0.14526233,-0.53641500
1519523024.69996595,0.54424669,-0.15681023,-0.55607012
1519523024.73324800,0.56243652,-0.16932235,-0.57705861
1519523024.76665211,0.58234191,-0.18304460,-0.59717996
1519523024.79989195,0.60215455,-0.19688904,-0.61916717
1519523024.83324790,0.62183884,-0.20967206,-0.63962147
1519523024.86658001,0.64125757,-0.22285501,-0.66221459
1519523024.90000391,0.66102329,-0.23895009,-0.68501328
1519523024.93319201,0.68233848,-0.25720151,-0.70789938
1519523024.96669888,0.70327470,-0.27597382,-0.73089184
1519523024.99978709,0.72553636,-0.29555518,-0.75332185
1519523025.03310490,0.74738099,-0.31565693,-0.77794461
1519523025.06645298,0.76857020,-0.33644662,-0.80154608
1519523025.09972692,0.78926288,-0.35773057,-0.82493769
1519523025.13303399,0.81037412,-0.38054502,-0.84899817
1519523025.16637492,0.83330423,-0.40477539,-0.87166316
1519523025.19971204,0.85506150,-0.43059060,-0.89046549
1519523025.23310494,0.87806629,-0.45895652,-0.91022776
1519523025.26636004,0.90098648,-0.48838981,-0.92751912
1519523025.29954505,0.92242423,-0.51940035,-0.93987400
1519523025.33294606,0.94508548,-0.55088864,-0.95107241
1519523025.36623502,0.96561062,-0.58329260,-0.95798143
1519523025.39957905,0.98725077,-0.61574671,-0.96149386
1519523025.43293405,1.00865300,-0.64809927,-0.96324715
1519523025.46617389,1.03367149,-0.68378542,-0.96328539
1519523025.49995995,1.05627242,-0.71599709,-0.96428540
1519523025.53277493,1.07887577,-0.74846966,-0.96528502
1519523025.56611395,1.10144665,-0.78096481,-0.96302800
1519523025.59942293,1.12314453,-0.81406716,-0.96150901
1519523025.63277006,1.14529816,-0.84659807,-0.95514712
1519523025.66601110,1.16765829,-0.87898738,-0.94415779
1519523025.69946194,1.19077290,-0.91083950,-0.92732645
1519523025.73271799,1.21463268,-0.94253028,-0.90759801
1519523025.76594710,1.23908890,-0.97376302,-0.88474101
1519523025.79927993,1.26417189,-1.00551555,-0.86021768
1519523025.83256102,1.29091370,-1.03776303,-0.83331554
1519523025.86675811,1.31811026,-1.06919058,-0.80280957
1519523025.89931989,1.34625275,-1.09977398,-0.76829354
1519523025.93277693,1.37351377,-1.12999992,-0.73338042
1519523025.96584201,1.40117661,-1.15996244,-0.69988376
1519523025.99916601,1.43087417,-1.18986322,-0.66283361
1519523026.03244305,1.46156865,-1.21875906,-0.62590563
1519523026.06579304,1.49392665,-1.24564757,-0.58664821
1519523026.09926605,1.52823822,-1.27312498,-0.54731130
1519523026.13242197,1.56339566,-1.30003356,-0.50182811
1519523026.16570306,1.59974021,-1.32531580,-0.45716708
1519523026.19899988,1.63801888,-1.34723932,-0.41133458
1519523026.23275399,1.67857870,-1.36796047,-0.36664530
1519523026.26571703,1.71618532,-1.38537497,-0.31876143
1519523026.29900694,1.75352085,-1.40418611,-0.27190893
1519523026.33231592,1.79245856,-1.41849449,-0.22223467
1519523026.36565995,1.82782508,-1.43614491,-0.17653841
1519523026.39927006,1.86834179,-1.44780208,-0.12321269
1519523026.43229604,1.90824847,-1.45713777,-0.07623478
1519523026.46556091,1.94976172,-1.46424845,-0.02608816
1519523026.49888492,1.99297653,-1.46930578,0.02354464
1519523026.53211188,2.03640129,-1.47273391,0.11168980
1519523026.56546402,2.07495726,-1.47290401,0.16084560
1519523026.59897399,2.11347231,-1.47116275,0.20971559
1519523026.63211703,2.15426596,-1.46704648,0.25770493
1519523026.66544104,2.19480248,-1.46092986,0.31653901
1519523026.69897294,2.23514461,-1.45315896,0.36549526
1519523026.73233604,2.26840992,-1.44596737,0.41687500
1519523026.76536298,2.30834181,-1.43394169,0.46845217
1519523026.79859805,2.34121826,-1.41549820,0.51611577
1519523026.83203197,2.37751582,-1.39188119,0.56489762
1519523026.86534095,2.41059843,-1.36780267,0.61234392
1519523026.90014696,2.44745273,-1.34923064,0.66739567
1519523026.93203902,2.47977575,-1.33138036,0.71615712
1519523026.96519589,2.50859771,-1.31042421,0.76098511
1519523026.99862003,2.53713019,-1.28755128,0.80651962
1519523027.03217196,2.56532436,-1.26353291,0.85603123
1519523027.06512594,2.59376316,-1.23645720,0.90229988
1519523027.09846997,2.62111427,-1.20824917,0.94644807
1519523027.13191199,2.64613977,-1.17679520,0.99021538
1519523027.16511106,2.67110334,-1.14071486,1.03338921
1519523027.19839406,2.69448641,-1.10359070,1.07602059
1519523027.23181105,2.71714452,-1.06774467,1.11873826
1519523027.26499605,2.73825117,-1.03096373,1.15669449
1519523027.29832792,2.75901911,-0.99096880,1.19614517
1519523027.33173108,2.77801368,-0.95011519,1.23431441
1519523027.36548996,2.79560954,-0.90883330,1.27284271
1519523027.39824700,2.81292340,-0.86731001,1.31162850
1519523027.43156195,2.82822706,-0.82660648,1.35018910
1519523027.46489191,2.84184003,-0.78531855,1.38822867
1519523027.49846005,2.85376250,-0.74414108,1.42687723
1519523027.53169799,2.86408501,-0.70253369,1.46544121
1519523027.56488299,2.87342504,-0.65575965,1.50523490
1519523027.59809995,2.88089685,-0.60865106,1.54461116
1519523027.63167906,2.88645866,-0.56318394,1.58503323
1519523027.66478992,2.88980573,-0.52008756,1.62506699
1519523027.69815302,2.89135072,-0.47551941,1.66481865
1519523027.73137689,2.89151577,-0.43226853,1.70665396
1519523027.76489592,2.89046904,-0.39019862,1.75022783
1519523027.79800391,2.88759074,-0.34821423,1.79151958
1519523027.83152199,2.88141491,-0.30539581,1.83117878
1519523027.86490011,2.87321722,-0.26162101,1.87215421
1519523027.89794803,2.86317697,-0.21803781,1.91257039
1519523027.93127799,2.85223515,-0.17459307,1.95298801
1519523027.96452093,2.84065666,-0.13583567,1.99999167
1519523027.99792290,2.82787300,-0.09898297,2.04207716
1519523028.03156209,2.81276125,-0.06310276,2.08407883
1519523028.06449890,2.79368114,-0.02460859,2.12375947
1519523028.09782195,2.77308897,0.01309837,2.16198064
1519523028.13165593,2.75166929,0.05299612,2.20198852
1519523028.16444206,2.72725021,0.09395273,2.24302991
1519523028.19775510,2.70116950,0.13387155,2.28505666
1519523028.23140907,2.67365262,0.16926787,2.32328043
1519523028.26437807,2.64673568,0.20152272,2.35947403
1519523028.29773092,2.61640901,0.23451928,2.39549047
1519523028.33104992,2.58728197,0.26470034,2.42858129
1519523028.36435390,2.55827532,0.29247472,2.46068694
1519523028.39762592,2.52898374,0.31838374,2.49003332
1519523028.43102002,2.49811854,0.34405212,2.51966436
1519523028.46425200,2.46836107,0.36931560,2.54546061
1519523028.49752212,2.43631093,0.39492325,2.57287044
1519523028.53099990,2.40380384,0.41699380,2.59682941
1519523028.56418300,2.36865455,0.43863374,2.62126605
1519523028.59747100,2.33380323,0.45894068,2.64433972
1519523028.63082790,2.29849267,0.47843813,2.66682122
1519523028.66416097,2.26407183,0.49612230,2.68924304
1519523028.69744992,2.22987293,0.51428507,2.71125502
1519523028.73072600,2.19498340,0.53205627,2.73367161
1519523028.76406407,2.15809548,0.54973624,2.75808977
1519523028.79736400,2.12025706,0.56519714,2.78108907
1519523028.83065701,2.08329306,0.57932387,2.80295068
1519523028.86398602,2.04666658,0.59303399,2.82782013
1519523028.89727902,2.01056950,0.60555034,2.85033308
1519523028.93060708,1.97455251,0.61842745,2.87137179
1519523028.96387100,1.93667624,0.62802642,2.89350609
1519523028.99724793,1.89700404,0.63751544,2.91255794
1519523029.03058910,1.85883668,0.64585567,2.92949417
1519523029.06386304,1.82305810,0.65300470,2.94655386
1519523029.09717298,1.78772594,0.66239311,2.96022809
1519523029.13046002,1.74876675,0.66863425,2.97392690
1519523029.16376090,1.70971095,0.67425388,2.98409849
1519523029.19713306,1.67060001,0.67947596,2.99160847
1519523029.23039699,1.63336945,0.68447792,2.99667646
1519523029.26370692,1.59147476,0.69068815,3.00359878
1519523029.29750490,1.55461486,0.69590318,3.01060464
1519523029.33034706,1.51285025,0.70290770,3.01666241
1519523029.36364388,1.47305382,0.70709045,3.02365008
1519523029.39696002,1.43120547,0.71358402,3.02955033
1519523029.43027997,1.38995226,0.71796775,3.03605999
1519523029.46363592,1.34776364,0.72408549,3.04248356
1519523029.49695802,1.30649511,0.72831679,3.04961083
1519523029.53026104,1.26695720,0.73209153,3.05595479
1519523029.56357193,1.22739614,0.73561537,3.06221215
1519523029.59685397,1.18744814,0.73871142,3.07002599
1519523029.63014603,1.14674363,0.74171765,3.07996347
1519523029.66343594,1.10674698,0.74410412,3.08973784
1519523029.69676208,1.06813593,0.74575681,3.09975692
1519523029.73011303,1.02951027,0.74702257,3.11036605
1519523029.76373911,0.98489342,0.75017937,3.12081616
1519523029.79696608,0.94024601,0.75286975,3.13277138
1519523029.83007312,0.90070941,0.75224823,-3.13951757
1519523029.86335492,0.86118192,0.75119594,-3.12801017
1519523029.89675498,0.82106167,0.74968062,-3.11566101
1519523029.93026090,0.78034842,0.74942636,-3.10345745
1519523029.96327710,0.73964442,0.74859389,-3.09072458
1519523029.99667501,0.69895431,0.74724322,-3.07808966
1519523030.03009701,0.65856364,0.74539631,-3.06663867
1519523030.06332898,0.61778341,0.74277588,-3.05398710
1519523030.09671688,0.57706118,0.73964164,-3.04085847
1519523030.12990403,0.53638440,0.73596517,-3.02859507
1519523030.16313601,0.49575577,0.73179016,-3.01568297
1519523030.19646502,0.45587998,0.72804538,-3.00287161
1519523030.22993898,0.41694335,0.72391404,-2.98946974
1519523030.26307797,0.37946591,0.71875232,-2.97700291
1519523030.29640293,0.34205573,0.71312380,-2.96490595
1519523030.32987189,0.30342773,0.70756039,-2.95213165
1519523030.36305094,0.26229124,0.70100875,-2.93983206
1519523030.39637089,0.21875150,0.69297882,-2.92774511
1519523030.43013406,0.17718302,0.68374110,-2.91481555
1519523030.46301508,0.13549830,0.67500313,-2.90280367
1519523030.49626899,0.09530616,0.66535885,-2.88999118
1519523030.52978802,0.05641534,0.65550231,-2.87744630
1519523030.56297493,0.01765122,0.64515868,-2.86572498
1519523030.59625292,-0.02021288,0.63428307,-2.85278912
1519523030.62970591,-0.05765835,0.62385908,-2.84044624
1519523030.66287303,-0.09459386,0.61175524,-2.82750975
1519523030.69646597,-0.13203671,0.59998957,-2.81381593
1519523030.72974610,-0.16933192,0.58752782,-2.80203562
1519523030.76279593,-0.20647774,0.57462759,-2.78899546
1519523030.79607391,-0.24345218,0.56124409,-2.77707161
1519523030.82974696,-0.27984110,0.54703188,-2.76414473
1519523030.86266208,-0.31597176,0.53217013,-2.75252266
1519523030.89601493,-0.35192726,0.51688948,-2.73986988
1519523030.92966199,-0.38879428,0.50119915,-2.72857407
1519523030.96268892,-0.42576125,0.48573127,-2.71551425
1519523030.99597311,-0.46223523,0.46914777,-2.70391799
1519523031.02954102,-0.49815331,0.45212265,-2.69130529
1519523031.06258392,-0.53352502,0.43480482,-2.67939497
1519523031.09584498,-0.56916856,0.41721265,-2.66668336
1519523031.12919211,-0.60499032,0.39896073,-2.65395628
1519523031.16251397,-0.64275323,0.37924166,-2.64187245
1519523031.19583702,-0.67952255,0.35972218,-2.62852789
1519523031.22916603,-0.71771244,0.33876486,-2.61548698
1519523031.26246810,-0.75395399,0.31828211,-2.60276418
1519523031.29571199,-0.79315352,0.29387371,-2.59247271
1519523031.32905293,-0.82949887,0.27174221,-2.58301407
1519523031.36245298,-0.86855211,0.24625119,-2.57645172
1519523031.39569211,-0.90453824,0.22354027,-2.57119818
1519523031.42917991,-0.94532745,0.19803818,-2.56799044
1519523031.46234393,-0.98421149,0.17358325,-2.56469057
1519523031.49570704,-1.02305946,0.14857745,-2.56228656
1519523031.52899504,-1.06162282,0.12362511,-2.56010782
1519523031.56233692,-1.09866566,0.09881944,-2.55742748
1519523031.59555101,-1.13644259,0.07512569,-2.55657738
1519523031.62888789,-1.17386112,0.05037603,-2.55383113
1519523031.66217494,-1.21314920,0.02423261,-2.55258214
1519523031.69546294,-1.25210281,-0.00175823,-2.54990464
1519523031.72884107,-1.29141825,-0.02721108,-2.54883887
1519523031.76217794,-1.32768029,-0.05066747,-2.54764473
1519523031.79540396,-1.36375380,-0.07440482,-2.54648819
1519523031.82875609,-1.40190326,-0.09960785,-2.54482488
1519523031.86205196,-1.44012992,-0.12469889,-2.54304390
1519523031.89548111,-1.48014784,-0.15111015,-2.54215107
1519523031.92871690,-1.51763010,-0.17615226,-2.54181868
1519523031.96201491,-1.55367048,-0.20084598,-2.53973011
1519523031.99527693,-1.58875944,-0.22499688,-2.53773687
1519523032.02893400,-1.62380019,-0.24921768,-2.53729994
1519523032.06208301,-1.66172651,-0.27487218,-2.53441293
1519523032.09536409,-1.70165420,-0.30207805,-2.53248176
1519523032.12854600,-1.74152878,-0.32936169,-2.53097851
1519523032.16194296,-1.78027499,-0.35638618,-2.53024392
1519523032.19522595,-1.81655872,-0.38128492,-2.52977488
1519523032.22855401,-1.85430344,-0.40584083,-2.53011405
1519523032.26188993,-1.89205649,-0.43038393,-2.52846681
1519523032.29535007,-1.92899210,-0.45609348,-2.52658542
1519523032.32844591,-1.96591694,-0.48195361,-2.52456974
1519523032.36174989,-2.00217726,-0.50813699,-2.52285504
1519523032.39503694,-2.03837561,-0.53501917,-2.52197444
1519523032.42835593,-2.07377344,-0.56137907,-2.52185327
1519523032.46167111,-2.11194763,-0.58745980,-2.51951907
1519523032.49544311,-2.15006084,-0.61362957,-2.51802149
1519523032.52834702,-2.18792064,-0.64015413,-2.51655762
1519523032.56175995,-2.22661441,-0.66736386,-2.51767668
1519523032.59487605,-2.26732335,-0.69533614,-2.51548998
1519523032.62828898,-2.30797103,-0.72339737,-2.51436751
1519523032.66157198,-2.34734645,-0.75060484,-2.51480563
1519523032.69493890,-2.38333659,-0.77238228,-2.51394324
1519523032.72826409,-2.42410473,-0.79767093,-2.51071595
1519523032.76165009,-2.45860358,-0.82203683,-2.50911977
1519523032.79480290,-2.49726129,-0.85051511,-2.50842454
1519523032.82811499,-2.53360098,-0.87733342,-2.50777448
1519523032.86143708,-2.57035691,-0.90358528,-2.50693564
1519523032.89483094,-2.60792101,-0.92858586,-2.50667854
1519523032.92802691,-2.64484764,-0.95445270,-2.50744275
1519523032.96133304,-2.68250209,-0.98081207,-2.50794132
1519523032.99463892,-2.72123637,-1.00804923,-2.51240674
1519523033.02840900,-2.76009188,-1.03511316,-2.51971780
1519523033.06127691,-2.79871608,-1.06097719,-2.52612952
1519523033.09457898,-2.83662084,-1.08596764,-2.53439415
1519523033.12793112,-2.87270162,-1.11169941,-2.54310125
1519523033.16167092,-2.90900508,-1.13711605,-2.55525743
1519523033.19456697,-2.94341739,-1.15795499,-2.56770771
1519523033.22785902,-2.97977867,-1.17945784,-2.58207020
1519523033.26128697,-3.01586789,-1.20135776,-2.59519034
1519523033.29469204,-3.05335359,-1.22345876,-2.60917546
1519523033.32798910,-3.08978175,-1.24734672,-2.62179806
1519523033.36110210,-3.12900453,-1.27220139,-2.63762021
1519523033.39443493,-3.16451790,-1.29417261,-2.65481866
1519523033.42770505,-3.20004663,-1.31478937,-2.67412866
1519523033.46103501,-3.23614656,-1.33436020,-2.69287077
1519523033.49454808,-3.27471435,-1.34887408,-2.71143635
1519523033.52766299,-3.30737960,-1.35984076,-2.72819161
1519523033.56093597,-3.33874643,-1.37362686,-2.74904707
1519523033.59430790,-3.37109219,-1.38767539,-2.76807747
1519523033.62759304,-3.40439346,-1.40137787,-2.78955972
1519523033.66095710,-3.43707656,-1.41466318,-2.81431233
1519523033.69420099,-3.46643107,-1.42613836,-2.84006036
1519523033.72755504,-3.49607127,-1.43685399,-2.86415982
1519523033.76080799,-3.52404987,-1.44580733,-2.89023294
1519523033.79415393,-3.55225238,-1.45402821,-2.92044701
1519523033.82746291,-3.57841994,-1.46216184,-2.95105659
1519523033.86081195,-3.60353910,-1.46924294,-2.98122846
1519523033.89413404,-3.63023576,-1.47525678,-3.01033988
1519523033.92747808,-3.65579865,-1.48031972,-3.04130887
1519523033.96074295,-3.68109406,-1.48485818,-3.07385420
1519523033.99405003,-3.70313094,-1.48834095,-3.10503590
1519523034.02736306,-3.72340568,-1.49106696,-3.13451570
1519523034.06065893,-3.74316910,-1.49428189,3.11458823
1519523034.09401989,-3.76303059,-1.49682152,3.08125109
1519523034.12726903,-3.78223941,-1.49745353,3.04872269
1519523034.16059995,-3.80274381,-1.49670422,3.01472839
1519523034.19394994,-3.82226357,-1.49504220,2.98048598
1519523034.22722507,-3.84163726,-1.49223458,2.94793038
1519523034.26083398,-3.86085960,-1.48854446,2.91312829
1519523034.29384089,-3.87984483,-1.48421031,2.87953764
1519523034.32716203,-3.89862460,-1.47908699,2.84589085
1519523034.36045909,-3.91735412,-1.47377054,2.81232364
1519523034.39382601,-3.93589467,-1.46782851,2.77765972
1519523034.42710590,-3.95415290,-1.46127233,2.74233889
1519523034.46047306,-3.97180249,-1.45544432,2.70881295
1519523034.49377298,-3.98835509,-1.44709781,2.67326609
1519523034.52698708,-4.00511283,-1.43901552,2.64023789
1519523034.56063795,-4.02159453,-1.43038426,2.60616440
1519523034.59368205,-4.03848468,-1.42116202,2.57085935
1519523034.62698102,-4.05440180,-1.41233630,2.53520452
1519523034.66027808,-4.06971698,-1.40254910,2.50035713
1519523034.69374609,-4.08431886,-1.39174794,2.46505143
1519523034.72689891,-4.09809286,-1.38078938,2.43065491
1519523034.76024508,-4.11240108,-1.36849064,2.39482455
1519523034.79351997,-4.12715504,-1.35665474,2.36018134
1519523034.82685590,-4.14146369,-1.34428821,2.32347048
1519523034.86014795,-4.15555434,-1.33114270,2.28798714
1519523034.89357495,-4.16748361,-1.31724998,2.25333473
1519523034.92672491,-4.17831721,-1.30369926,2.21977205
1519523034.96005607,-4.18898067,-1.29001314,2.18400110
1519523034.99343109,-4.20202363,-1.27683741,2.14825070
1519523035.02677608,-4.21231241,-1.26145640,2.11238433
1519523035.06000996,-4.22250155,-1.24599217,2.07846035
1519523035.09332299,-4.23191588,-1.23005528,2.04418747
1519523035.12663388,-4.24088670,-1.21420764,2.01050334
1519523035.15994000,-4.24873170,-1.19865759,1.97594262
1519523035.19333100,-4.25526408,-1.18251525,1.94458962
1519523035.22683597,-4.26138676,-1.16592227,1.91627370
1519523035.25984812,-4.26674986,-1.14850141,1.88955872
1519523035.29360700,-4.27217199,-1.12934876,1.86417693
1519523035.32650805,-4.27679495,-1.10646530,1.84407487
1519523035.35981798,-4.28125584,-1.08242740,1.82270206
1519523035.39315200,-4.28566226,-1.05654709,1.80634798
1519523035.42646289,-4.29083041,-1.02879689,1.79105601
1519523035.45977402,-4.29694733,-0.99768132,1.77753557
1519523035.49312901,-4.30298084,-0.96655675,1.76254343
1519523035.52636790,-4.30953139,-0.93840920,1.74952969
1519523035.55968904,-4.31571509,-0.91017879,1.73621406
1519523035.59329295,-4.32152234,-0.88186855,1.72159950
1519523035.62631702,-4.32647471,-0.85325290,1.70804143
1519523035.65991497,-4.32992379,-0.82382131,1.69531483
1519523035.69295001,-4.33290413,-0.79410023,1.68253463
1519523035.72629404,-4.33471266,-0.76235368,1.67024280
1519523035.75959301,-4.33614625,-0.73043295,1.65979386
1519523035.79289889,-4.33890340,-0.69717458,1.64868946
1519523035.82623196,-4.34132951,-0.66339516,1.63750461
1519523035.85951996,-4.34360826,-0.62960612,1.62660740
1519523035.89292192,-4.34572092,-0.59580555,1.61790380
1519523035.92615891,-4.34759473,-0.56081248,1.60954114
1519523035.95947909,-4.34859861,-0.52578259,1.60372849
1519523035.99282289,-4.34950712,-0.48746149,1.59868734
1519523036.02622700,-4.35022243,-0.44913631,1.59397265
1519523036.05933809,-4.35149312,-0.41082524,1.59136318
1519523036.09269309,-4.35393300,-0.37139523,1.58993798
1519523036.12598896,-4.35631669,-0.33196179,1.58806072
1519523036.16000795,-4.35661719,-0.29248926,1.58796542
1519523036.19276500,-4.35690595,-0.25348158,1.58662297
1519523036.22591996,-4.35809767,-0.21448867,1.58484209
1519523036.25926900,-4.35923402,-0.17449230,1.58152056
1519523036.29261208,-4.35993062,-0.13368096,1.57966077
1519523036.32583904,-4.36055476,-0.09248134,1.57850376
1519523036.35913897,-4.36013232,-0.04816863,1.57633471
1519523036.39254403,-4.35783964,-0.00302595,1.57485693
1519523036.42591810,-4.35548026,0.04211329,1.57296320
1519523036.45914602,-4.35443433,0.08463330,1.56720973
1519523036.49243999,-4.35368257,0.12638765,1.55709394
1519523036.52591610,-4.35196204,0.16888571,1.54512599
1519523036.55907297,-4.35052409,0.21310008,1.53234882
1519523036.59234095,-4.34806234,0.25727482,1.51681314
1519523036.62573290,-4.34537330,0.30143076,1.49813505
1519523036.65897799,-4.34130082,0.34688411,1.47913022
1519523036.69246292,-4.33758743,0.39236420,1.45696250
1519523036.72563696,-4.33470795,0.43028538,1.43468418
1519523036.75892305,-4.33098443,0.46813301,1.40962862
1519523036.79223204,-4.32516047,0.50637291,1.38531197
1519523036.82558203,-4.31840847,0.54445989,1.35818843
1519523036.85890508,-4.31264831,0.57979095,1.32961813
1519523036.89217710,-4.30671317,0.61226952,1.30217865
1519523036.92550611,-4.30035107,0.64323867,1.27335600
1519523036.95878696,-4.29365489,0.67278998,1.24192218
1519523036.99211907,-4.28728465,0.70088344,1.20943659
1519523037.02543306,-4.28028476,0.72579212,1.17393433
1519523037.05882812,-4.27371420,0.75098527,1.14066100
1519523037.09202409,-4.26494907,0.77539886,1.10582757
1519523037.12540102,-4.25664788,0.80014896,1.07150420
1519523037.15889192,-4.24644157,0.82348615,1.03601888
1519523037.19203091,-4.23513478,0.84628130,1.00305052
1519523037.22532105,-4.22306235,0.86872335,0.97636236
1519523037.25860691,-4.21073279,0.89106336,0.94164266
1519523037.29189801,-4.19833494,0.91200045,0.90865775
1519523037.32523203,-4.18455589,0.93197358,0.87476768
1519523037.35860205,-4.16924985,0.95249543,0.85128200
1519523037.39201093,-4.15353867,0.97271577,0.81622527
1519523037.42515707,-4.13732798,0.99216077,0.78298536
1519523037.45858788,-4.12103856,1.01050044,0.74974801
1519523037.49190688,-4.10331045,1.02854477,0.71680671
1519523037.52508807,-4.08602019,1.04622583,0.69158700
1519523037.55837989,-4.06683726,1.06300851,0.65765110
1519523037.59175706,-4.04809738,1.07907382,0.62439808
1519523037.62510896,-4.02869389,1.09390892,0.59163355
1519523037.65913010,-4.00904195,1.10736499,0.55941311
1519523037.69170499,-3.99004399,1.11919274,0.52711939
1519523037.72496891,-3.96991271,1.13115173,0.50986643
1519523037.75824189,-3.95233616,1.14195502,0.47721201
1519523037.79182601,-3.93192825,1.15346518,0.44528640
1519523037.82487607,-3.91005351,1.16482403,0.41195685
1519523037.85825491,-3.88692854,1.17583384,0.38109075
1519523037.89164996,-3.86368090,1.18404575,0.34571461
1519523037.92483091,-3.84037996,1.19193313,0.31639686
1519523037.95818400,-3.81739824,1.19895716,0.28387635
1519523037.99154091,-3.79388793,1.20618989,0.25152328
1519523038.02493906,-3.77112762,1.21240866,0.21799040
1519523038.05818105,-3.74496625,1.21857087,0.18689859
1519523038.09160995,-3.72052125,1.22343214,0.15243869
1519523038.12471509,-3.69613160,1.22880434,0.12025536
1519523038.15798712,-3.67141713,1.23202693,0.08695012
1519523038.19161797,-3.64808135,1.23626644,0.05593556
1519523038.22467089,-3.62288464,1.23823842,0.02299274
1519523038.25802994,-3.59928797,1.23934145,-0.00982370
1519523038.29154396,-3.57346813,1.23964807,-0.04113331
1519523038.32455897,-3.54817501,1.24079613,-0.07363622
1519523038.35793805,-3.52040431,1.24094062,-0.10463220
1519523038.39146304,-3.49185563,1.24067638,-0.12983393
1519523038.42453909,-3.46206576,1.23391774,-0.15502029
1519523038.45782399,-3.43095533,1.22890678,-0.17528929
1519523038.49180388,-3.40000721,1.22259662,-0.19564943
1519523038.52442503,-3.36740802,1.21587770,-0.21601955
1519523038.55776906,-3.33495244,1.20849618,-0.23437916
1519523038.59151101,-3.30124933,1.20018852,-0.25172140
1519523038.62437892,-3.26682400,1.19077093,-0.26629146
1519523038.65774798,-3.23253953,1.18085277,-0.28160631
1519523038.69101691,-3.19583268,1.16940753,-0.29367401
1519523038.72439599,-3.15590701,1.15650416,-0.30261943
1519523038.75769806,-3.11567727,1.14311269,-0.30898151
1519523038.79095292,-3.07253321,1.12859697,-0.31313363
1519523038.82433200,-3.02893710,1.11654881,-0.31820065
1519523038.85772991,-2.98540261,1.10427991,-0.32422614
1519523038.89089608,-2.94272557,1.08941993,-0.32997630
1519523038.92420197,-2.90330791,1.07385545,-0.33395625
1519523038.95769501,-2.85920562,1.05648727,-0.33861155
1519523038.99095702,-2.81728884,1.04198880,-0.34180756
1519523039.02418709,-2.77258643,1.02634882,-0.34569474
1519523039.05746388,-2.72997348,1.01126571,-0.34799398
1519523039.09097004,-2.68768248,0.99529306,-0.35020584
1519523039.12407494,-2.64530012,0.97957402,-0.35131015
1519523039.15735412,-2.60205211,0.96341186,-0.35343213
1519523039.19100094,-2.55881487,0.94722199,-0.35632720
1519523039.22403789,-2.51599056,0.93161533,-0.35854436
1519523039.25755000,-2.47369419,0.91609859,-0.36009952
1519523039.29064488,-2.43199233,0.90000052,-0.36133205
1519523039.32394791,-2.39026933,0.88383556,-0.36281514
1519523039.35735512,-2.34910837,0.86701516,-0.36510972
1519523039.39071393,-2.30762266,0.85023246,-0.36620251
1519523039.42385888,-2.26603988,0.83336016,-0.36777445
1519523039.45728803,-2.22236815,0.81677524,-0.36963038
1519523039.49067712,-2.18044975,0.80077666,-0.37137530
1519523039.52385712,-2.13869920,0.78476671,-0.37260582
1519523039.55709600,-2.09759133,0.76880916,-0.37343584
1519523039.59047294,-2.05642693,0.75299561,-0.37499653
1519523039.62372398,-2.01592309,0.73550250,-0.37795414
1519523039.65704799,-1.97513144,0.71936383,-0.37848210
1519523039.69074202,-1.93171826,0.70171280,-0.37852461
1519523039.72370005,-1.88943597,0.68450940,-0.37951825
1519523039.75697589,-1.84722233,0.66713480,-0.38093276
1519523039.79033494,-1.80670592,0.65001856,-0.38207307
1519523039.82361698,-1.76608729,0.63315919,-0.38222187
1519523039.85734296,-1.72292340,0.61491758,-0.38311709
1519523039.89027095,-1.67963432,0.59698851,-0.38341945
1519523039.92361903,-1.63855565,0.58027884,-0.38412267
1519523039.95688200,-1.59732214,0.56395247,-0.38358891
1519523039.99024701,-1.55314648,0.54611870,-0.38245572
1519523040.02347398,-1.50895064,0.52833501,-0.38218663
1519523040.05698299,-1.46493865,0.51063902,-0.38367906
1519523040.09024096,-1.42098937,0.49278758,-0.38394115
1519523040.12344408,-1.38082652,0.47674574,-0.38338450
1519523040.15676093,-1.33614689,0.45861478,-0.38495973
1519523040.19026399,-1.29483324,0.44113247,-0.38488332
1519523040.22338295,-1.25264089,0.42237126,-0.38480117
1519523040.25667405,-1.21098445,0.40475780,-0.38270967
1519523040.29033709,-1.16790735,0.38818510,-0.38078181
1519523040.32335901,-1.12565963,0.37204025,-0.37634918
1519523040.35678697,-1.08262243,0.35477907,-0.36704492
1519523040.39018989,-1.04123939,0.33847734,-0.35600300
1519523040.42322206,-0.99785993,0.32209531,-0.34124759
1519523040.45653796,-0.95407290,0.30471735,-0.32472891
1519523040.48992801,-0.90918333,0.29050520,-0.30374480
1519523040.52316594,-0.86668664,0.27688888,-0.28320244
1519523040.55648804,-0.82422323,0.26423684,-0.25884931
1519523040.58985400,-0.78184764,0.25169237,-0.23192484
1519523040.62310696,-0.73943259,0.23909542,-0.20391772
1519523040.65657592,-0.69731208,0.22782159,-0.17500185
1519523040.68986011,-0.65333925,0.21749761,-0.14669244
1519523040.72303104,-0.61057723,0.20909573,-0.11720294
1519523040.75638294,-0.56768886,0.20197045,-0.08723086
1519523040.78982806,-0.52452950,0.19701086,-0.05680618
1519523040.82304907,-0.48274220,0.19301845,-0.02616171
1519523040.85643697,-0.43763763,0.19079391,0.00407592
1519523040.89001012,-0.39568484,0.18935143,0.03497550
1519523040.92291689,-0.35132551,0.19259266,0.06552974
1519523040.95623112,-0.31139688,0.19380868,0.09403067
1519523040.98964906,-0.26732173,0.19982729,0.12361421
1519523041.02288389,-0.22753104,0.20335919,0.15022516
1519523041.05624104,-0.17817457,0.20305073,0.17995760
1519523041.08970404,-0.13434934,0.20320570,0.20601533
1519523041.12275100,-0.08885095,0.20824718,0.22639247
1519523041.15617609,-0.04450344,0.21872411,0.24303352
1519523041.19006705,0.00002981,0.23002835,0.25913531
1519523041.22279406,0.04447457,0.24167359,0.27748097
1519523041.25601792,0.08720117,0.25370579,0.29458663
1519523041.28969502,0.12888266,0.26327694,0.30623218
1519523041.32278609,0.16753239,0.27467782,0.31778922
1519523041.35596204,0.20604779,0.28652461,0.32489231
1519523041.38962007,0.24410955,0.29852055,0.32967356
1519523041.42262912,0.27976735,0.31163796,0.33351432
1519523041.45595908,0.31450487,0.32320032,0.33475069
1519523041.48946095,0.34909530,0.33475943,0.33356770
1519523041.52258110,0.38376531,0.34630046,0.33404582
1519523041.55590892,0.41820428,0.35829503,0.33530074
1519523041.58923006,0.45060190,0.36962675,0.33474436
1519523041.62269211,0.48285092,0.38138579,0.33587297
1519523041.65580106,0.51567627,0.39168682,0.33616787
1519523041.68912292,0.54869855,0.40369929,0.33692763
1519523041.72243404,0.58240708,0.41598044,0.33755811
1519523041.75571704,0.61793228,0.42892319,0.33770678
1519523041.78909206,0.65158695,0.44135670,0.33661706
1519523041.82235599,0.68522377,0.45339450,0.33544898
1519523041.85565591,0.71887463,0.46539301,0.33520175
1519523041.88902211,0.75784786,0.47804722,0.33529548
1519523041.92234707,0.79681991,0.49070509,0.33654424
1519523041.95565510,0.83645811,0.50278028,0.33642480
1519523041.98891997,0.87225100,0.51474396,0.33836407
1519523042.02220011,0.90909582,0.52591603,0.33813146
1519523042.05553007,0.94472732,0.53834152,0.33990008
1519523042.08879209,0.98203196,0.54822122,0.33931097
1519523042.12220097,1.01441444,0.56096653,0.34031976
1519523042.15591502,1.05191508,0.57480224,0.34070767
1519523042.18881106,1.08774776,0.58806305,0.34129840
1519523042.22231793,1.12371755,0.60093695,0.34196723
1519523042.25544596,1.15967872,0.61383490,0.34212327
1519523042.28872800,1.19638468,0.62417016,0.34292969
1519523042.32202196,1.23257042,0.63596869,0.34313694
1519523042.35530591,1.26875371,0.64777472,0.34349350
1519523042.38868499,1.30284679,0.66017286,0.34317165
1519523042.42196608,1.34009543,0.67408487,0.34320604
1519523042.45524406,1.37591181,0.68708775,0.34278137
1519523042.48856401,1.41178942,0.69991931,0.34238056
1519523042.52190590,1.44746270,0.71013638,0.34421227
1519523042.55522609,1.48311720,0.72041876,0.34399773
1519523042.58852601,1.51801909,0.73236489,0.34145966
1519523042.62177992,1.55300768,0.74427725,0.33828599
1519523042.65514803,1.58797724,0.75602383,0.33610741
1519523042.68847990,1.62349496,0.76641525,0.33481533
1519523042.72179604,1.65793980,0.77638284,0.33312939
1519523042.75505996,1.69375712,0.78877949,0.33033284
1519523042.78840089,1.72960896,0.80107592,0.32713706
1519523042.82169390,1.76530740,0.81382504,0.32397357
1519523042.85498309,1.80098391,0.82352434,0.31982379
1519523042.88844109,1.83670036,0.83307550,0.31478255
1519523042.92164707,1.87255315,0.84247536,0.31088362
1519523042.95496511,1.90849417,0.85367435,0.30482448
1519523042.98836303,1.94435593,0.86506428,0.29851559
1519523043.02159309,1.97980529,0.87785689,0.28981482
1519523043.05488205,2.01534834,0.89033573,0.27996743
1519523043.08821201,2.05018970,0.89578361,0.27098378
1519523043.12153292,2.08507860,0.90091828,0.26279062
1519523043.15486503,2.11887304,0.90998742,0.25087049
1519523043.18813705,2.15265294,0.91896592,0.23789626
1519523043.22147989,2.18641946,0.92747460,0.22307532
1519523043.25499392,2.21970990,0.93517814,0.21007764
1519523043.28814793,2.25302309,0.94180262,0.19400833
1519523043.32143092,2.28614082,0.94730865,0.17862063
1519523043.35496807,2.31823643,0.95210531,0.16013986
1519523043.38802195,2.35024772,0.95734493,0.14038029
1519523043.42137003,2.38019572,0.96208474,0.12059407
1519523043.45466089,2.41028392,0.96579957,0.10044083
1519523043.48797202,2.44039729,0.96933982,0.08040224
1519523043.52126503,2.47016300,0.97170391,0.05873475
1519523043.55480599,2.49919931,0.97326934,0.03877569
1519523043.58851910,2.52788456,0.97424034,0.02196594
1519523043.62122011,2.55658466,0.97461147,0.00009812
1519523043.65446997,2.58657559,0.97545967,-0.02185214
1519523043.68782592,2.61655378,0.97454508,-0.04560651
1519523043.72114706,2.64636958,0.97339406,-0.06759029
1519523043.75447798,2.67615288,0.97158791,-0.09148965
1519523043.78805208,2.70591516,0.96940455,-0.11448523
1519523043.82103610,2.73550061,0.96718569,-0.13970870
1519523043.85438609,2.76493290,0.96359707,-0.16228342
1519523043.88767505,2.79414887,0.95974674,-0.17957148
1519523043.92099690,2.82358577,0.95376689,-0.20348786
1519523043.95444107,2.85294186,0.94864959,-0.22734313
1519523043.98785210,2.88206898,0.94240747,-0.25274544
1519523044.02095699,2.91143588,0.93700625,-0.27725382
1519523044.05423808,2.93927175,0.92958727,-0.30319221
1519523044.08754611,2.96771222,0.92087598,-0.32531444
1519523044.12084389,2.99574433,0.91160812,-0.34921584
1519523044.15412807,3.02354693,0.90167295,-0.37385595
1519523044.18754601,3.05102117,0.89086426,-0.39727516
1519523044.22092700,3.07997057,0.87868685,-0.42100604
1519523044.25411606,3.10921802,0.86715507,-0.44666664
1519523044.28749704,3.13815687,0.85487814,-0.47434954
1519523044.32072806,3.16513801,0.83867549,-0.49704552
1519523044.35408211,3.19174450,0.82186470,-0.51366923
1519523044.38780999,3.21781711,0.80724352,-0.53779225
1519523044.42067099,3.24368575,0.79321436,-0.56386566
1519523044.45400190,3.26830358,0.77773866,-0.58840344
1519523044.48737001,3.29325605,0.76274531,-0.61178933
1519523044.52079201,3.31787865,0.74721185,-0.63816295
1519523044.55392504,3.34256586,0.73085652,-0.66342509
1519523044.58722591,3.36613423,0.71424463,-0.68879078
1519523044.62052703,3.39007264,0.69679516,-0.71292311
1519523044.65386009,3.41267053,0.67728203,-0.73891077
1519523044.68716908,3.43504733,0.65743805,-0.75733484
1519523044.72051191,3.45701929,0.63721872,-0.78171296
1519523044.75381088,3.47810216,0.61705380,-0.80719181
1519523044.78711605,3.49866447,0.59635830,-0.83145279
1519523044.82043004,3.51887089,0.57658234,-0.85473826
1519523044.85372710,3.53958207,0.55535560,-0.87984657
1519523044.88736200,3.55910267,0.53440300,-0.90652660
1519523044.92038107,3.57722945,0.51228886,-0.93012319
1519523044.95370698,3.59468083,0.48964241,-0.95457971
1519523044.98698497,3.61077046,0.46770944,-0.98053043
1519523045.02030611,3.62676290,0.44793623,-1.00557944
1519523045.05360103,3.64225507,0.42776867,-1.03101157
1519523045.08699298,3.65664012,0.40427607,-1.04794065
1519523045.12024498,3.67131193,0.37935222,-1.07173409
1519523045.15356302,3.68663193,0.35454054,-1.09766333
1519523045.18709707,3.70130351,0.32934000,-1.12511872
1519523045.22023892,3.71548094,0.30301885,-1.14825863
1519523045.25347996,3.72712470,0.27659000,-1.17376224
1519523045.28694701,3.73833158,0.24997381,-1.19980539
1519523045.32012296,3.74870499,0.22342593,-1.22451864
1519523045.35337090,3.75841920,0.19662983,-1.24964797
1519523045.38674593,3.77113213,0.17141930,-1.27368010
1519523045.41999793,3.77680928,0.14428464,-1.29984535
1519523045.45333600,3.78399803,0.11762837,-1.32391298
1519523045.48690104,3.78916438,0.08865437,-1.34811255
1519523045.51996899,3.79507232,0.05618457,-1.37231191
1519523045.55332303,3.80019287,0.02358133,-1.39768672
1519523045.58663607,3.80566853,-0.00458623,-1.42305188
1519523045.61990094,3.81032291,-0.03217727,-1.44858966
1519523045.65322399,3.81489041,-0.06052160,-1.47399160
1519523045.68656301,3.81958943,-0.08817248,-1.50063480
1519523045.71988797,3.82365353,-0.11549963,-1.52501416
1519523045.75315094,3.82705028,-0.14291772,-1.55216936
1519523045.78653002,3.82919488,-0.17088579,-1.57717373
1519523045.81974792,3.82972231,-0.19889287,-1.60179814
1519523045.85314703,3.83050737,-0.22594810,-1.62716348
1519523045.88643789,3.83428176,-0.24618341,-1.65643243
1519523045.92000294,3.83746236,-0.26652051,-1.68501534
1519523045.95316195,3.84024266,-0.28583844,-1.71179863
1519523045.98639703,3.83502008,-0.30750246,-1.74517472
1519523046.01969194,3.83308657,-0.32632767,-1.77133510
1519523046.05299211,3.83071253,-0.34443749,-1.80335442
1519523046.08631802,3.82780074,-0.36228980,-1.83546852
1519523046.11963606,3.82404230,-0.38014828,-1.86706669
1519523046.15295506,3.81980392,-0.39760918,-1.90030805
1519523046.18625689,3.81487048,-0.41526197,-1.93308592
1519523046.21954799,3.80892827,-0.43257953,-1.96333611
1519523046.25282502,3.80135179,-0.44994505,-1.99618390
1519523046.28638506,3.79406386,-0.46743963,-2.02695360
1519523046.31945491,3.78672669,-0.48449453,-2.05932712
1519523046.35278201,3.77895870,-0.50108222,-2.08969681
1519523046.38612008,3.77019720,-0.51743256,-2.12036437
1519523046.41944504,3.76079295,-0.53287710,-2.15192245
1519523046.45273089,3.75128460,-0.54826583,-2.18378696
1519523046.48604703,3.74092039,-0.56308328,-2.21621597
1519523046.51939392,3.73163968,-0.57862570,-2.24803480
1519523046.55266595,3.72115202,-0.59169576,-2.28003519
1519523046.58598399,3.71034248,-0.60450161,-2.31142501
1519523046.61929107,3.69657557,-0.61976288,-2.34361702
1519523046.65267205,3.68230516,-0.63459307,-2.37512975
1519523046.68589306,3.66822997,-0.64960684,-2.40588202
1519523046.71925807,3.65372460,-0.66415830,-2.44005668
1519523046.75253510,3.64034633,-0.67741793,-2.47156216
1519523046.78587794,3.62655702,-0.69024957,-2.50378154
1519523046.81922102,3.61745042,-0.69915606,-2.53585685
1519523046.85246897,3.60840127,-0.70375304,-2.56768926
1519523046.88581896,3.60028401,-0.70972038,-2.58588803
1519523046.91907501,3.58517703,-0.71981290,-2.61910795
1519523046.95274496,3.56974317,-0.72939809,-2.65067086
1519523046.98578405,3.55340417,-0.73734970,-2.68327968
1519523047.01896405,3.53769514,-0.74391772,-2.71441501
1519523047.05239606,3.52328931,-0.74931069,-2.74486277
1519523047.08567810,3.52094108,-0.74996306,-2.77677561
1519523047.11903691,3.51857322,-0.75054017,-2.80890709
1519523047.15228391,3.49884418,-0.75703371,-2.83645854
1519523047.18560910,3.47934123,-0.76424328,-2.86687286
1519523047.21886706,3.46062802,-0.77057461,-2.89634471
1519523047.25228500,3.44155813,-0.77563963,-2.92273860
1519523047.28554606,3.42219770,-0.78023598,-2.94666940
1519523047.31897402,3.40112796,-0.78390642,-2.97241035
1519523047.35219598,3.37873095,-0.78735224,-2.99763480
1519523047.38547611,3.35530862,-0.79026244,-3.02223782
1519523047.41898704,3.33151989,-0.79169172,-3.04428241
1519523047.45233488,3.30770544,-0.79259629,-3.06401978
1519523047.48539400,3.28355050,-0.79305611,-3.08511271
1519523047.51873112,3.25523392,-0.79291172,-3.10502905
1519523047.55233693,3.22591662,-0.79089975,-3.12239301
1519523047.58532500,3.19663868,-0.78837904,-3.13632639
1519523047.61875200,3.16740158,-0.78599834,3.13001520
1519523047.65202308,3.13731836,-0.78628082,3.11498665
1519523047.68525696,3.10724357,-0.78576259,3.10056383
1519523047.71879506,3.07750078,-0.78482385,3.08635650
1519523047.75197005,3.04782267,-0.78258822,3.07466673
1519523047.78520203,3.01233536,-0.77905063,3.06296422
1519523047.81849098,2.97684769,-0.77565893,3.05473176
1519523047.85191393,2.94136341,-0.77227063,3.05124469
1519523047.88519812,2.90347225,-0.76879335,3.05060059
1519523047.91860890,2.85902965,-0.76469368,3.04832519
1519523047.95179391,2.81397214,-0.76043450,3.04904481
1519523047.98515105,2.76792166,-0.75750724,3.04950848
1519523048.01840711,2.72194886,-0.75374546,3.04941831
1519523048.05187893,2.67620630,-0.75000078,3.05103481
1519523048.08502293,2.63072827,-0.74335099,3.05316311
1519523048.11831999,2.58319852,-0.73661734,3.05723382
1519523048.15182710,2.53521149,-0.73516551,3.06082240
1519523048.18494892,2.48615799,-0.73379997,3.06344105
1519523048.21827197,2.44019734,-0.72951735,3.06790700
1519523048.25179601,2.39233167,-0.72530078,3.07192388
1519523048.28489900,2.34647187,-0.72141764,3.07661226
1519523048.31830096,2.30064201,-0.71701740,3.08075948
1519523048.35159898,2.25691562,-0.71293646,3.08555016
1519523048.38495398,2.21308006,-0.71067135,3.09016749
1519523048.41817689,2.16815893,-0.70855329,3.09383881
1519523048.45160198,2.11968704,-0.70762693,3.09840269
1519523048.48472691,2.07428846,-0.70436595,3.10265400
1519523048.51815701,2.02585193,-0.70279793,3.10811828
1519523048.55153799,1.97894935,-0.70154623,3.11276448
1519523048.58466005,1.93204146,-0.70051246,3.11680533
1519523048.61800504,1.88779843,-0.69918839,3.12159009
1519523048.65165591,1.84358241,-0.69643439,3.12463497
1519523048.68460608,1.79993913,-0.69382488,3.12550974
1519523048.71791506,1.75546691,-0.69235495,3.12550593
1519523048.75130796,1.71214324,-0.69139134,3.12668305
1519523048.78454304,1.66279832,-0.69038897,3.12754048
1519523048.81793594,1.62066304,-0.68952553,3.12836508
1519523048.85123992,1.57486667,-0.68864842,3.12849633
1519523048.88459802,1.52905875,-0.68865050,3.12849584
1519523048.91780400,1.48325082,-0.68865255,3.12858221
1519523048.95136094,1.43152320,-0.68858155,3.12966854
1519523048.98446608,1.38505418,-0.68775343,3.13008931
1519523049.01775789,1.33859665,-0.68591669,3.13066511
1519523049.05108500,1.29213807,-0.68410670,3.13073086
1519523049.08444095,1.24723912,-0.68306572,3.13011023
1519523049.11772990,1.20021124,-0.68264201,3.13031784
1519523049.15096688,1.15389827,-0.68223859,3.12953075
1519523049.18436694,1.10758564,-0.68179871,3.12755661
1519523049.21759605,1.06125660,-0.68250402,3.12807013
1519523049.25096798,1.01728929,-0.68161310,3.12718948
1519523049.28420305,0.97015991,-0.68063790,3.12715725
1519523049.31756711,0.92439641,-0.67934598,3.12674995
1519523049.35103989,0.87863343,-0.67803543,3.12720847
1519523049.38414311,0.83387318,-0.67813250,3.12625082
1519523049.41752911,0.78911286,-0.67818671,3.12426406
1519523049.45079899,0.74438198,-0.67645193,3.12290981
1519523049.48420310,0.69950005,-0.67465371,3.12166510
1519523049.51742911,0.65168844,-0.67311008,3.12009565
1519523049.55082393,0.60387932,-0.67149142,3.11794050
1519523049.58405709,0.55728143,-0.67064382,3.11631059
1519523049.61740994,0.51068511,-0.66971544,3.11439786
1519523049.65097690,0.46493865,-0.66872583,3.11358092
1519523049.68406892,0.41919314,-0.66769402,3.11209825
1519523049.71728611,0.37346763,-0.66597040,3.11169802
1519523049.75062704,0.33023305,-0.66430295,3.10996365
1519523049.78400397,0.28195442,-0.66146167,3.10810361
1519523049.81733394,0.23945441,-0.66135264,3.10621371
1519523049.85064006,0.19616198,-0.65874968,3.10429795
1519523049.88384891,0.15278531,-0.65845726,3.10260248
1519523049.91716599,0.10935469,-0.65948840,3.10000879
1519523049.95047688,0.05753787,-0.66005806,3.09715556
1519523049.98377800,0.01004612,-0.65556392,3.09592777
1519523050.01721501,-0.03744007,-0.65101147,3.09315888
1519523050.05045891,-0.08458615,-0.64634343,3.09012245
1519523050.08392191,-0.13202336,-0.64772812,3.08873986
1519523050.11747003,-0.17917058,-0.64353016,3.08531655
1519523050.15073109,-0.22606438,-0.63974165,3.08440618
1519523050.18368196,-0.27295472,-0.63591045,3.08233206
1519523050.21708488,-0.31838377,-0.63206822,3.07970390
1519523050.25028396,-0.36401224,-0.63149003,3.07862064
1519523050.28382111,-0.41183834,-0.62910109,3.07689267
1519523050.31726503,-0.45966024,-0.62662951,3.07502809
1519523050.35021996,-0.50747575,-0.62404335,3.07432516
1519523050.38374901,-0.55026437,-0.62049183,3.07478554
1519523050.41682792,-0.59766478,-0.61792181,3.07413626
1519523050.45040011,-0.64500330,-0.61442974,3.07433127
1519523050.48350406,-0.69239775,-0.61176710,3.07261571
1519523050.51679611,-0.73831364,-0.60846333,3.07258213
1519523050.55016088,-0.78175091,-0.60532933,3.07297664
1519523050.58344197,-0.82766396,-0.60198348,3.07403439
1519523050.61675596,-0.87451583,-0.59862291,3.07389604
1519523050.65018511,-0.92156725,-0.59556650,3.07385934
1519523050.68334699,-0.96865150,-0.59299397,3.07434211
1519523050.71662998,-1.01479353,-0.59001989,3.07321048
1519523050.75004196,-1.06090922,-0.58665854,3.07429540
1519523050.78325105,-1.10594085,-0.58342052,3.07476936
1519523050.81659698,-1.15286578,-0.58092326,3.07514838
1519523050.85004902,-1.20034059,-0.57840726,3.07526872
1519523050.88321209,-1.24779111,-0.57552663,3.07555222
1519523050.91698599,-1.29498485,-0.57229983,3.07599378
1519523050.94999099,-1.33920518,-0.56885997,3.07750929
1519523050.98315811,-1.38308795,-0.56550912,3.07940567
1519523051.01650310,-1.42734022,-0.56254886,3.08461099
1519523051.04998899,-1.47309143,-0.56001612,3.08862569
1519523051.08329201,-1.52014050,-0.55772660,3.09275145
1519523051.11673498,-1.56722385,-0.55614725,3.09697934
1519523051.14997196,-1.61431345,-0.55476699,3.10176894
1519523051.18304491,-1.66082086,-0.55316894,3.10660636
1519523051.21635294,-1.70733546,-0.55179589,3.11101845
1519523051.24989700,-1.75416010,-0.55101515,3.11633249
1519523051.28336811,-1.80138571,-0.55047321,3.11981064
1519523051.31626606,-1.84861003,-0.54996306,3.12494233
1519523051.34983492,-1.89628331,-0.54968781,3.13014584
1519523051.38288307,-1.94210550,-0.54968183,3.13402374
1519523051.41620207,-1.98873962,-0.55125203,3.13931018
1519523051.44964600,-2.03536479,-0.55306873,-3.13898994
1519523051.48288488,-2.09120413,-0.55727420,-3.13589072
1519523051.51622200,-2.14703017,-0.56165271,-3.13176084
1519523051.54978299,-2.18841768,-0.56285986,-3.12511529
1519523051.58282590,-2.22982163,-0.56280216,-3.12167757
1519523051.61608410,-2.27338227,-0.56362390,-3.11738341
1519523051.64947295,-2.32506875,-0.56466417,-3.11337267
1519523051.68280602,-2.37061407,-0.56590390,-3.10917651
1519523051.71601009,-2.41615915,-0.56716951,-3.10602939
1519523051.74962497,-2.46160402,-0.57127702,-3.10152471
1519523051.78267694,-2.51250704,-0.57243573,-3.09785407
1519523051.81590605,-2.56325549,-0.57720819,-3.09400108
1519523051.84963703,-2.61175643,-0.57738741,-3.09110174
1519523051.88294911,-2.66025685,-0.57770320,-3.08787452
1519523051.91612601,-2.71226345,-0.57836411,-3.08405993
1519523051.94918394,-2.76424366,-0.57963118,-3.08049194
1519523051.98250103,-2.80279107,-0.58982453,-3.07944321
1519523052.01581097,-2.84132777,-0.60005829,-3.07942897
1519523052.04915500,-2.88163441,-0.61144823,-3.07789469
1519523052.08245993,-2.92215803,-0.62220623,-3.07871772
1519523052.11582708,-2.96314718,-0.63295963,-3.07873421
1519523052.14910102,-3.00460631,-0.63624828,-3.07563377
1519523052.18243504,-3.04902822,-0.63956745,-3.07550780
1519523052.21571898,-3.09483930,-0.64327857,-3.07502252
1519523052.24902701,-3.14101933,-0.64674225,-3.07421350
1519523052.28238702,-3.18718836,-0.65036434,-3.07338857
1519523052.31572104,-3.23136082,-0.65364660,-3.07321418
1519523052.34893298,-3.27551622,-0.65717718,-3.07319164
1519523052.38225102,-3.32297592,-0.65998236,-3.07261192
1519523052.41554999,-3.37093781,-0.66548891,-3.07236744
1519523052.44886994,-3.42005877,-0.67100881,-3.07275125
1519523052.48218489,-3.46802143,-0.67650868,-3.07230752
1519523052.51549101,-3.51509322,-0.68242182,-3.07328178
1519523052.54880905,-3.56060179,-0.68818175,-3.07367166
1519523052.58219194,-3.60783999,-0.69170222,-3.07396570
1519523052.61541700,-3.65805033,-0.69541005,-3.07369561
1519523052.64872098,-3.70819204,-0.70012584,-3.07334379
1519523052.68207693,-3.75420662,-0.70457728,-3.07479176
1519523052.71555710,-3.79883425,-0.70854523,-3.07415818
1519523052.74872708,-3.84379270,-0.70760591,-3.07492794
1519523052.78199100,-3.88846937,-0.71084143,-3.08067043
1519523052.81529999,-3.93198649,-0.71374853,-3.08848139
1519523052.84882593,-3.97660292,-0.71637293,-3.09861944
1519523052.88215804,-4.02127322,-0.71785761,-3.11065389
1519523052.91527104,-4.06595815,-0.71880461,-3.13148325
1519523052.94856191,-4.11425300,-0.72226053,3.12606245
1519523052.98195791,-4.15497615,-0.72459593,3.10210707
1519523053.01517797,-4.19438679,-0.72600881,3.08202716
1519523053.04873991,-4.23012536,-0.72701581,3.05517512
1519523053.08187008,-4.26587809,-0.72706291,3.02438138
1519523053.11512804,-4.30096363,-0.72608594,2.99129875
1519523053.14840889,-4.33724217,-0.72532388,2.95527553
1519523053.18174195,-4.37027813,-0.72385736,2.91875245
1519523053.21537900,-4.40300647,-0.72016154,2.88404679
1519523053.24847007,-4.43144491,-0.71642328,2.84493502
1519523053.28174090,-4.45860575,-0.71191509,2.80401833
1519523053.31497693,-4.48595382,-0.70742322,2.76444321
1519523053.34832001,-4.51296677,-0.70160335,2.72330197
1519523053.38164711,-4.53760727,-0.69592407,2.68231565
1519523053.41490102,-4.55738360,-0.69280118,2.64050334
1519523053.44830203,-4.57644581,-0.68916455,2.59682214
1519523053.48153210,-4.59363911,-0.68190671,2.55470404
1519523053.51523304,-4.60962606,-0.67259991,2.51233467
1519523053.54838610,-4.62711494,-0.66321138,2.47289806
1519523053.58152390,-4.64348405,-0.65220912,2.43012325
1519523053.61480594,-4.66041543,-0.63961372,2.38807728
1519523053.64818096,-4.67680241,-0.62631778,2.34765829
1519523053.68141389,-4.69149726,-0.61231672,2.30603060
1519523053.71478796,-4.70468882,-0.59903811,2.26617351
1519523053.74811101,-4.71789314,-0.58458246,2.22659899
1519523053.78143001,-4.73119254,-0.57013687,2.18510540
1519523053.81467795,-4.74407122,-0.55488272,2.14283059
1519523053.84797812,-4.75629372,-0.53909792,2.10260771
1519523053.88128591,-4.76607403,-0.52204177,2.06088683
1519523053.91461301,-4.77714272,-0.50720836,2.02152792
1519523053.94800496,-4.78695834,-0.49111949,1.98032298
1519523053.98133111,-4.79610287,-0.47463994,1.93925971
1519523054.01457906,-4.80474756,-0.45732135,1.89842603
1519523054.04804492,-4.81249615,-0.43773592,1.85668635
1519523054.08122492,-4.82017830,-0.41822900,1.81630008
1519523054.11448097,-4.82706657,-0.39842782,1.77460840
1519523054.14778996,-4.83312356,-0.37835674,1.73347166
1519523054.18116903,-4.83782101,-0.35820369,1.69293182
1519523054.21443105,-4.84136201,-0.33769328,1.65294572
1519523054.24774909,-4.84406868,-0.31719849,1.61276245
1519523054.28103590,-4.84584855,-0.29776810,1.57181743
1519523054.31438208,-4.84683158,-0.27828114,1.53222826
1519523054.34807205,-4.84693155,-0.25896292,1.49012736
1519523054.38156509,-4.84739858,-0.23956220,1.44989397
1519523054.41427588,-4.84573387,-0.22032254,1.40837231
1519523054.44758797,-4.84337301,-0.20066879,1.36829946
1519523054.48095894,-4.83925777,-0.18132433,1.32763541
1519523054.51428294,-4.83531954,-0.16192500,1.28729797
1519523054.54752111,-4.83144443,-0.14379299,1.24609175
1519523054.58081889,-4.82658166,-0.12405551,1.20478199
1519523054.61418009,-4.82153973,-0.10618405,1.16495515
1519523054.64759803,-4.81391819,-0.08744487,1.12330967
1519523054.68091798,-4.80695888,-0.07203073,1.08297934
1519523054.71407509,-4.79819426,-0.05378449,1.04109943
1519523054.74751401,-4.79170702,-0.03720480,0.99994495
1519523054.78099203,-4.78313351,-0.02181127,0.95865967
1519523054.81405997,-4.77434083,-0.00649765,0.91800056
1519523054.84739995,-4.76384225,0.00987237,0.87622405
1519523054.88076711,-4.75302881,0.02608926,0.83394960
1519523054.91401291,-4.74294782,0.04175272,0.79236061
1519523054.94733691,-4.73266478,0.05653684,0.74990419
1519523054.98066807,-4.72109126,0.07014943,0.70889640
1519523055.01403308,-4.70850372,0.08248420,0.66674635
1519523055.04724193,-4.69419851,0.09522914,0.62529934
1519523055.08051300,-4.67937749,0.10737040,0.58352543
1519523055.11383605,-4.66505559,0.12038651,0.54055515
1519523055.14723492,-4.65069256,0.13247242,0.49711234
1519523055.18049788,-4.63525055,0.14287694,0.45632536
1519523055.21377492,-4.61897449,0.15216947,0.41461619
1519523055.24709892,-4.60114296,0.16129554,0.37249283
1519523055.28044891,-4.58410835,0.16920725,0.33052002
1519523055.31387210,-4.56729786,0.17797426,0.28825193
1519523055.34705901,-4.55013193,0.18602310,0.24539619
1519523055.38036704,-4.53163609,0.19211143,0.20480637
1519523055.41364408,-4.51290844,0.19744419,0.16487064
1519523055.44713211,-4.49466843,0.20191093,0.12595674
1519523055.48030710,-4.47615685,0.20478337,0.08698874
1519523055.51357293,-4.45677625,0.20699970,0.05143522
1519523055.54687190,-4.43538159,0.20825396,0.01847715
1519523055.58023810,-4.41207589,0.20984299,-0.01353275
1519523055.61352491,-4.38810933,0.20967130,-0.04189909
1519523055.64686990,-4.36080811,0.20532742,-0.06751304
1519523055.68016005,-4.32871754,0.19995380,-0.08152963
1519523055.71354890,-4.29603430,0.19407608,-0.09873367
1519523055.74684000,-4.26212187,0.18822376,-0.10796827
1519523055.78019190,-4.22798918,0.18460258,-0.11801844
1519523055.81339097,-4.19521476,0.18225670,-0.12671578
1519523055.84669995,-4.16248575,0.17943934,-0.13229893
1519523055.88001204,-4.12975442,0.17643682,-0.13515774
1519523055.91343188,-4.09669417,0.17303252,-0.13509645
1519523055.94666505,-4.06383802,0.16812721,-0.13496641
1519523055.97991610,-4.03052117,0.16436356,-0.13529024
1519523056.01325107,-3.99713615,0.16057968,-0.13698059
1519523056.04660606,-3.96021754,0.15625140,-0.13924729
1519523056.07989001,-3.92668148,0.15150480,-0.13701094
1519523056.11321402,-3.89248887,0.14674415,-0.13627725
1519523056.14649510,-3.85829279,0.14200859,-0.13681732
1519523056.17998099,-3.82396228,0.13707448,-0.13675747
1519523056.21314597,-3.78939406,0.13210976,-0.13457416
1519523056.24651504,-3.75473730,0.12779504,-0.13251442
1519523056.27981901,-3.72007173,0.12355171,-0.12943134
1519523056.31317306,-3.68586850,0.11963096,-0.12467975
1519523056.34638500,-3.65179851,0.11552427,-0.12025018
1519523056.37972999,-3.61760447,0.11155570,-0.11591879
1519523056.41313100,-3.58270329,0.10735767,-0.11012483
1519523056.44628310,-3.54777838,0.10336193,-0.10564049
1519523056.47967005,-3.51293716,0.09953357,-0.10093604
1519523056.51329088,-3.47871240,0.09580929,-0.09640306
1519523056.54629207,-3.44384918,0.09218005,-0.09196084
1519523056.57956195,-3.40958819,0.08876270,-0.08717452
1519523056.61286712,-3.37509763,0.08583962,-0.08180569
1519523056.64621091,-3.34075696,0.08334035,-0.07715282
1519523056.67952490,-3.30622155,0.08098670,-0.07228179
1519523056.71286297,-3.27118878,0.07817062,-0.06839543
1519523056.74611807,-3.23337843,0.07501307,-0.06472274
1519523056.77950191,-3.19553815,0.07228123,-0.06291498
1519523056.81276393,-3.15727497,0.06979100,-0.06283696
1519523056.84607291,-3.11354452,0.06695977,-0.06125840
1519523056.87933803,-3.06959895,0.06498340,-0.06062387
1519523056.91277289,-3.02364849,0.06124973,-0.06060847
1519523056.94604611,-2.97767683,0.05786537,-0.06032131
1519523056.97935700,-2.93208124,0.05451699,-0.06234771
1519523057.01289010,-2.88722216,0.05213761,-0.06339755
1519523057.04589701,-2.84363626,0.04979181,-0.06756289
1519523057.07927203,-2.80012453,0.04631839,-0.07351574
1519523057.11263394,-2.75634844,0.04256497,-0.07980646
1519523057.14587903,-2.71194825,0.03702530,-0.08519501
1519523057.21289492,-2.66629034,0.03336454,-0.09920184
1519523057.24586201,-2.62081033,0.02783735,-0.10827320
1519523057.27914190,-2.57614067,0.02322087,-0.11906945
1519523057.31258702,-2.53253841,0.01783761,-0.13015065
1519523057.34580493,-2.48917693,0.01199488,-0.14097832
1519523057.37915897,-2.44588125,0.00568300,-0.15179471
1519523057.41237402,-2.40269135,-0.00132543,-0.16331858
1519523057.44569111,-2.36018522,-0.00873221,-0.17296426
1519523057.47899294,-2.31512171,-0.01700827,-0.18240088
1519523057.51234794,-2.27215415,-0.02483853,-0.18930172
1519523057.54575706,-2.22713954,-0.03336787,-0.19407314
1519523057.57895708,-2.18426630,-0.04169911,-0.19631120
1519523057.61279702,-2.14224857,-0.05091246,-0.19636802
1519523057.64560008,-2.10018348,-0.05988745,-0.19641439
1519523057.67905402,-2.05824654,-0.06907654,-0.19608847
1519523057.71238708,-2.01313075,-0.07864527,-0.19683684
1519523057.74551296,-1.97082754,-0.08661850,-0.19703642
1519523057.77879596,-1.92561133,-0.09518202,-0.19741135
1519523057.81214404,-1.88065711,-0.10384075,-0.19601621
1519523057.84561491,-1.83576089,-0.11278947,-0.19350756
1519523057.87875104,-1.79077321,-0.12127265,-0.19139354
1519523057.91208696,-1.74641016,-0.12958049,-0.18746751
1519523057.94534898,-1.70185373,-0.13686485,-0.18388342
1519523057.97901011,-1.65742954,-0.14483929,-0.18107646
1519523058.01202393,-1.61282421,-0.15183934,-0.17618982
1519523058.04527998,-1.56807982,-0.16127157,-0.17255127
1519523058.07860589,-1.52304039,-0.16904333,-0.16789014
1519523058.11195111,-1.47921137,-0.17639387,-0.16379702
1519523058.14524698,-1.43535262,-0.18356495,-0.15975663
1519523058.17863011,-1.38937435,-0.19020784,-0.15498926
1519523058.21188498,-1.34356430,-0.19790754,-0.15038944
1519523058.24517298,-1.29775312,-0.20561946,-0.14597385
1519523058.27843189,-1.25285206,-0.21299028,-0.13992746
1519523058.31197500,-1.20790425,-0.22006817,-0.13542786
1519523058.34517193,-1.16280908,-0.22609268,-0.13038228
1519523058.37863898,-1.11723976,-0.23205334,-0.12407834
1519523058.41197801,-1.07161732,-0.23759471,-0.11451421
1519523058.44506598,-1.02595915,-0.24283156,-0.10510892
1519523058.47842002,-0.97933247,-0.24741435,-0.09501972
1519523058.51176906,-0.93035437,-0.25291116,-0.08491358
1519523058.54501891,-0.88364465,-0.25655144,-0.07447780
1519523058.57827902,-0.83700026,-0.26085928,-0.06483742
1519523058.61171794,-0.79016319,-0.26235592,-0.05616353
1519523058.64502692,-0.74289297,-0.26346998,-0.05038912
1519523058.67824006,-0.69460110,-0.26436230,-0.04583726
1519523058.71165204,-0.64630432,-0.26500551,-0.04052821
1519523058.74486804,-0.59794631,-0.26394951,-0.03832628
1519523058.77817607,-0.55121584,-0.26272472,-0.03832973
1519523058.81157589,-0.50464108,-0.26556050,-0.03752208
1519523058.84480500,-0.45806405,-0.26835867,-0.03663530
1519523058.87812996,-0.41116113,-0.27112738,-0.03592244
1519523058.91168189,-0.36461019,-0.27129686,-0.03538170
1519523058.94481802,-0.31816639,-0.27447029,-0.03496353
1519523058.97807193,-0.27266605,-0.27735114,-0.03238979
1519523059.01155305,-0.22715846,-0.28011488,-0.03281293
1519523059.04462409,-0.18290645,-0.28048088,-0.03272920
1519523059.07801294,-0.13212743,-0.28105688,-0.03149117
1519523059.11153197,-0.08681157,-0.28379184,-0.03010598
1519523059.14457607,-0.03610324,-0.28662630,-0.03045438
1519523059.17790794,0.01214823,-0.28882092,-0.03047891
1519523059.21134400,0.06048859,-0.28809924,-0.03043615
1519523059.24450898,0.10882892,-0.28737549,-0.03157808
1519523059.27787089,0.15263839,-0.28828915,-0.03297146
1519523059.31136990,0.20190252,-0.28944381,-0.03535665
1519523059.34445810,0.24680317,-0.29068319,-0.03733031
1519523059.37783504,0.29562501,-0.29215773,-0.04216693
1519523059.41140389,0.34253150,-0.29546845,-0.04796211
1519523059.44449902,0.39125440,-0.29913909,-0.05433580
1519523059.47776699,0.44180557,-0.30227647,-0.06209324
1519523059.51100206,0.49233124,-0.30580013,-0.07032443
1519523059.54439592,0.54112953,-0.30962583,-0.07904332
1519523059.57764697,0.58716192,-0.31365476,-0.08750106
1519523059.61098289,0.63310548,-0.31867834,-0.09613740
1519523059.64432311,0.67900394,-0.32409851,-0.10257459
1519523059.67763305,0.72324419,-0.32971986,-0.10589608
1519523059.71095395,0.77176427,-0.33594506,-0.10754865
1519523059.74428701,0.81672651,-0.34167980,-0.10832783
1519523059.77786899,0.86525148,-0.34783753,-0.10946738
1519523059.81083703,0.91046440,-0.35127683,-0.10994881
1519523059.84412599,0.96082541,-0.35526542,-0.11101758
1519523059.87754989,1.00652717,-0.35878890,-0.11168233
1519523059.91078305,1.05692280,-0.36364027,-0.11164311
1519523059.94412589,1.10726423,-0.36897486,-0.11206335
1519523059.97736597,1.15731797,-0.37686709,-0.11142410
1519523060.01070189,1.19916081,-0.38380806,-0.11129173
1519523060.04402709,1.24135189,-0.38763559,-0.11201497
1519523060.07729292,1.28825434,-0.39202390,-0.11219543
1519523060.11072993,1.33504204,-0.39743216,-0.11401439
1519523060.14396501,1.38167080,-0.40422683,-0.11396827
1519523060.17809606,1.42921773,-0.41112442,-0.11322747
1519523060.21059799,1.47679099,-0.41779993,-0.11236945
1519523060.24410009,1.52423342,-0.42440870,-0.11248661
1519523060.27725101,1.57142137,-0.42841513,-0.11263565
1519523060.31051111,1.61915010,-0.43248984,-0.11245279
1519523060.34381795,1.66550656,-0.43775838,-0.11242674
1519523060.37711310,1.71186317,-0.44302571,-0.11240851
1519523060.41047907,1.75809656,-0.44938449,-0.11314437
1519523060.44375896,1.80453319,-0.45316484,-0.11138003
1519523060.47705293,1.85073207,-0.45904788,-0.11155034
1519523060.51039004,1.89717466,-0.46275420,-0.11046284
1519523060.54372311,1.94345605,-0.46716062,-0.11261715
1519523060.57709599,1.99091381,-0.47180086,-0.11273612
1519523060.61044002,2.03816351,-0.47827955,-0.11109399
1519523060.64366102,2.08542378,-0.48468064,-0.10890696
1519523060.67690992,2.13615238,-0.48956351,-0.11073442
1519523060.71062303,2.18294942,-0.49410292,-0.11021117
1519523060.74354601,2.22974883,-0.49861785,-0.10959983
1519523060.77690911,2.27645725,-0.50395595,-0.11113031
1519523060.81022501,2.32132533,-0.50993151,-0.10778409
1519523060.84352803,2.36749716,-0.51589582,-0.10817901
1519523060.87702703,2.41309663,-0.52141663,-0.10727476
1519523060.91013908,2.45875632,-0.52638322,-0.10795890
1519523060.94348001,2.50435700,-0.53189399,-0.10930193
1519523060.97674394,2.55102962,-0.53603901,-0.11009405
1519523061.01032305,2.59843958,-0.54294217,-0.10932738
1519523061.04338193,2.64590389,-0.54936192,-0.10799534
1519523061.07672691,2.69337289,-0.55575369,-0.10721708
1519523061.11009598,2.74027994,-0.56201184,-0.10262814
1519523061.14338207,2.78437965,-0.56676360,-0.09692091
1519523061.17661405,2.82522431,-0.57094455,-0.08584576
1519523061.21011591,2.86341983,-0.57444114,-0.07116958
1519523061.24330401,2.90157673,-0.57706706,-0.05546206
1519523061.27658391,2.93977018,-0.57909333,-0.03769246
1519523061.31012511,2.97349967,-0.57985364,-0.01377004
1519523061.34321308,3.00722355,-0.58155384,0.01103649
1519523061.37652612,3.04096885,-0.58237522,0.03997160
1519523061.40998197,3.07272013,-0.58413486,0.06860517
1519523061.44313908,3.10305082,-0.58494137,0.10043298
1519523061.47649407,3.13289700,-0.58483214,0.13301747
1519523061.51000190,3.16120170,-0.58322091,0.16620213
1519523061.54302502,3.18940555,-0.58048186,0.20129612
1519523061.57641411,3.21712166,-0.57653953,0.23691451
1519523061.60978603,3.24439045,-0.57168258,0.27210045
1519523061.64299393,3.26997006,-0.56648307,0.30995272
1519523061.67705202,3.29447705,-0.56283207,0.34853521
1519523061.71029305,3.31852371,-0.55740941,0.38722973
1519523061.74291992,3.34234260,-0.55106057,0.42758430
1519523061.77637100,3.36550817,-0.54392813,0.46740176
1519523061.80981302,3.38821708,-0.53557331,0.50627267
1519523061.84289193,3.41048977,-0.52531861,0.54524684
1519523061.87621307,3.43234598,-0.51420385,0.58456352
1519523061.90985608,3.45254704,-0.50541353,0.62224542
1519523061.94281292,3.47093950,-0.49691791,0.66134439
1519523061.97635388,3.48814717,-0.48601201,0.69827627
1519523062.00960302,3.50385556,-0.47538874,0.73712104
1519523062.04275990,3.52118954,-0.46431442,0.77857248
1519523062.07604289,3.53817375,-0.45240894,0.82116182
1519523062.10955310,3.55506751,-0.44019315,0.85829670
1519523062.14271212,3.57062265,-0.42727822,0.89765079
1519523062.17598200,3.58327202,-0.41789748,0.93437969
1519523062.20962811,3.59397367,-0.41105983,0.97105100
1519523062.24262905,3.60384705,-0.40466860,1.00543349
1519523062.27593398,3.61320882,-0.39776026,1.04042673
1519523062.30941510,3.62118703,-0.39152239,1.07873678
1519523062.34262490,3.62942524,-0.38300079,1.11691231
1519523062.47604108,3.64202865,-0.36222431,1.27012203
1519523062.57579494,3.64974815,-0.33928233,1.38397291
1519523062.60917497,3.65174891,-0.33181293,1.42194000
1519523062.64236093,3.65340353,-0.32426379,1.46148908
1519523062.67568707,3.65637666,-0.31629022,1.49916657
1519523062.70923710,3.65651115,-0.30802835,1.53769438
1519523062.74234104,3.65557653,-0.30010674,1.57391838
1519523062.77559209,3.65435806,-0.29300196,1.60889755
1519523062.80909204,3.65289187,-0.28594415,1.65600347
1519523062.84228492,3.65043227,-0.27706773,1.68673945
1519523062.87551999,3.64770105,-0.26827108,1.72491391
1519523062.90883899,3.64800739,-0.26057374,1.76543574
1519523062.94215703,3.64808352,-0.25328563,1.80580536
1519523062.97546196,3.64786546,-0.24600039,1.84209515
1519523063.00882602,3.64658984,-0.23840695,1.88234354
1519523063.04208589,3.64482772,-0.23030584,1.91892744
1519523063.07547688,3.64277046,-0.22227459,1.95691176
1519523063.10880494,3.63978796,-0.21455764,1.99519984
1519523063.14204502,3.63808460,-0.20919144,2.02989375
1519523063.17603588,3.63454734,-0.20171250,2.06931846
1519523063.20865202,3.63245128,-0.19648717,2.10731974
1519523063.24197102,3.61843092,-0.18765268,2.14941928
1519523063.27527690,3.61535349,-0.17203340,2.18679572
1519523063.30877900,3.60593935,-0.14767237,2.23035790
1519523063.60841107,3.56958753,-0.09036081,2.55755296
1519523063.64171290,3.51933192,-0.04385892,2.58535175
1519523063.67499089,3.49903706,-0.02865343,2.61476402
1519523063.70834589,3.47830381,-0.01405135,2.64304719
1519523063.74169588,3.45678452,0.00016620,2.67020198
1519523063.77507401,3.43598880,0.01595553,2.69786869
1519523063.80834889,3.42610971,0.02577062,2.72495962
1519523063.84160709,3.41108240,0.02427377,2.74940518
1519523063.87484694,3.39328704,0.02357196,2.77307329
1519523063.90839911,3.37673822,0.02562135,2.80088765
1519523063.94156599,3.35885777,0.03325290,2.82375650
1519523063.97486305,3.34080750,0.04047358,2.84716107
1519523064.00812292,3.31740844,0.04884212,2.87441202
1519523064.04158497,3.28319064,0.06139374,2.89630915
1519523064.07482696,3.24955282,0.07657511,2.91758818
1519523064.10811710,3.21584767,0.09098079,2.94252960
1519523064.14148998,3.18702696,0.10297125,2.96173622
1519523064.17471004,3.15260494,0.11524873,2.97983791
1519523064.20811510,3.12333569,0.12602497,2.99923853
1519523064.24135494,3.08728348,0.13717436,3.01225884
1519523064.27465200,3.06942589,0.12347660,3.02781458
1519523064.30834794,3.03316175,0.13439562,3.03893387
1519523064.34127593,2.98979772,0.14441564,3.05366585
1519523064.37459993,2.94629079,0.15379575,3.06741912
1519523064.40787101,2.90265897,0.16257662,3.07856862
1519523064.44123101,2.88509618,0.16021272,3.09044976
1519523064.47454405,2.84414578,0.16097195,3.09599228
1519523064.50785589,2.80859057,0.15912545,3.10112107
1519523064.54114890,2.77100362,0.15931121,3.10294202
1519523064.57445407,2.73344855,0.16026024,3.10745218
1519523064.60795808,2.69442563,0.16184615,3.10918482
1519523064.64112997,2.65537553,0.16260901,3.10838000
1519523064.67508793,2.61820311,0.16409718,3.10907881
1519523064.70769405,2.58103032,0.16558009,3.10969855
1519523064.74108005,2.54385663,0.16703996,3.11051890
1519523064.77431798,2.50325949,0.16857571,3.11133440
1519523064.80764198,2.46812415,0.16949842,3.11214176
1519523064.84096098,2.42952856,0.17049467,3.11226445
1519523064.87426400,2.39093284,0.17148619,3.11282684
1519523064.90759611,2.35227507,0.17031853,3.11393103
1519523064.94090295,2.31247395,0.17519405,3.11394600
1519523064.97416401,2.27353652,0.17584791,3.11542411
1519523065.00753188,2.23460762,0.17680583,3.11549531
1519523065.04083300,2.19661994,0.17773641,3.11595743
1519523065.07409406,2.15863183,0.17864943,3.11599741
1519523065.10761595,2.11862576,0.17970607,3.11683992
1519523065.14076900,2.07861653,0.18063650,3.11760046
1519523065.17405009,2.03883965,0.18153090,3.11853901
1519523065.20738697,1.99987842,0.18189166,3.11810127
1519523065.24083710,1.96091736,0.18226946,3.11787606
1519523065.27400899,1.92003593,0.18350210,3.11870745
1519523065.30730391,1.87915703,0.18485517,3.11914961
1519523065.34089804,1.84044391,0.18598703,3.11991717
1519523065.37407398,1.80174757,0.18790336,3.12078452
1519523065.40725088,1.76126052,0.18850580,3.12302522
1519523065.44057393,1.71817154,0.19249016,3.12435988
1519523065.47383094,1.67768259,0.19294784,3.12576241
1519523065.50763607,1.63756756,0.19245153,3.12941792
1519523065.54054093,1.59871888,0.19179319,3.13398202
1519523065.57381105,1.55987362,0.19095754,3.13807246
1519523065.60716510,1.52052769,0.19101942,-3.13983756
1519523065.64039707,1.48118210,0.19081429,-3.13331752
1519523065.67430305,1.44479591,0.19222740,-3.12768470
1519523065.70726609,1.40841557,0.19248363,-3.12135375
1519523065.74037600,1.37227631,0.19251444,-3.11562529
1519523065.77371311,1.33616106,0.19142939,-3.10923106
1519523065.80700207,1.30056708,0.19013005,-3.10323224
1519523065.84030199,1.26498152,0.18861722,-3.09722940
1519523065.87366891,1.22944212,0.18607014,-3.09110816
1519523065.90690899,1.19230901,0.18322421,-3.08778052
1519523065.94031405,1.15743308,0.18114416,-3.08461311
1519523065.97369289,1.12067043,0.17929589,-3.08291955
1519523066.00692201,1.08386883,0.17810280,-3.08218442
1519523066.04014611,1.04711077,0.17616526,-3.08075876
1519523066.07350993,1.01093994,0.17378465,-3.08051268
1519523066.10678601,0.97476969,0.17139514,-3.07970614
1519523066.14017797,0.93894722,0.16942737,-3.07759518
1519523066.17339993,0.90117177,0.16725856,-3.07642686
1519523066.20678806,0.86617870,0.16459990,-3.07575326
1519523066.24005604,0.82847129,0.16173858,-3.07572621
1519523066.27340388,0.79077324,0.15873564,-3.07580369
1519523066.30703902,0.75025507,0.15611371,-3.07505780
1519523066.33997798,0.70977627,0.15290015,-3.07504532
1519523066.37329102,0.66722088,0.15011158,-3.07512193
1519523066.40672302,0.62719271,0.14753269,-3.07494032
1519523066.43994093,0.58398816,0.14546831,-3.07516194
1519523066.47323489,0.54300442,0.14298779,-3.07456282
1519523066.50655293,0.50202218,0.14048272,-3.07493032
1519523066.53985691,0.46103902,0.13799270,-3.07477748
1519523066.57321596,0.42080283,0.13418814,-3.07360795
1519523066.60648298,0.37743477,0.13180964,-3.07462281
1519523066.63975692,0.33935504,0.12730162,-3.07470896
1519523066.67309904,0.30010942,0.12524719,-3.07575336
1519523066.70639992,0.26089766,0.12268795,-3.07906207
1519523066.73976302,0.22167765,0.12025846,-3.08477919
1519523066.77300811,0.18052084,0.11682952,-3.09135634
1519523066.80635500,0.13934236,0.11367134,-3.09927597
1519523066.83970499,0.09810602,0.11164594,-3.10876592
1519523066.87309003,0.05769185,0.11016855,-3.11822751
1519523066.90632606,0.01726553,0.10907293,-3.12854075
1519523066.93959808,-0.02386695,0.10838586,-3.13906662
1519523066.97314501,-0.06500439,0.10813111,3.13374572
1519523067.00624490,-0.10432257,0.10874718,3.12191543
1519523067.03953600,-0.14227028,0.10730497,3.11141730
1519523067.07286096,-0.18156491,0.10879873,3.10454991
1519523067.10614800,-0.22205176,0.10810907,3.10268043
1519523067.13954401,-0.26246349,0.10945598,3.10313855
1519523067.17278695,-0.29964594,0.11035472,3.10154135
1519523067.20612001,-0.33681469,0.11161778,3.09978485
1519523067.23938394,-0.37033453,0.11248813,3.09998294
1519523067.27271605,-0.40903896,0.11320083,3.10046055
1519523067.30600309,-0.44257445,0.11368230,3.10020236
1519523067.33932400,-0.47978329,0.11432456,3.10098220
1519523067.37263203,-0.51434008,0.11451645,3.10128249
1519523067.40595794,-0.54889694,0.11469797,3.10294254
1519523067.43926811,-0.58206212,0.11485065,3.10467943
1519523067.47260690,-0.61519531,0.11581805,3.10659734
1519523067.50587010,-0.64785642,0.11711901,3.10702771
1519523067.53921199,-0.68042944,0.11840285,3.10654152
1519523067.57256603,-0.71299471,0.11990553,3.10857704
1519523067.60585594,-0.74626343,0.12141291,3.10864520
1519523067.63917494,-0.77953225,0.12291802,3.10820988
1519523067.67251801,-0.81280513,0.12429610,3.10887923
1519523067.70578504,-0.84547510,0.12542800,3.10882018
1519523067.73904610,-0.88065401,0.12664409,3.10757206
1519523067.77241397,-0.91369856,0.12783151,3.10331193
1519523067.80570197,-0.95000955,0.12950838,3.09680461
1519523067.83920407,-0.98632783,0.13217459,3.09089994
1519523067.87246609,-1.02677091,0.13526530,3.08908236
1519523067.90562606,-1.06314352,0.13676571,3.08849764
1519523067.93914104,-1.10111199,0.13837225,3.08399213
1519523067.97231793,-1.13902033,0.14106027,3.07918295
1519523068.00571704,-1.17691530,0.14393058,3.07541980
1519523068.03890800,-1.21582523,0.14611528,3.07328240
1519523068.07223701,-1.25220600,0.14821043,3.07077129
1519523068.10563898,-1.28992294,0.15451140,3.07123346
1519523068.13885093,-1.32764278,0.16079493,3.06948495
1519523068.17214298,-1.36805520,0.16471262,3.06938667
1519523068.20560503,-1.40870227,0.16538495,3.07048634
1519523068.23880696,-1.44913351,0.16905281,3.06889007
1519523068.27207208,-1.49073699,0.17185453,3.06937226
1519523068.30540109,-1.53234181,0.17463620,3.06959142
1519523068.33880806,-1.57448914,0.17694447,3.07021662
1519523068.37202311,-1.61395705,0.17903471,3.07117076
1519523068.40536809,-1.65658549,0.18210611,3.07052886
1519523068.43871498,-1.69876714,0.18517322,3.06883156
1519523068.47200108,-1.74225800,0.18875227,3.06734746
1519523068.50525999,-1.78801117,0.19090940,3.06816854
1519523068.53858805,-1.83514380,0.19443867,3.06849707
1519523068.57186794,-1.88082384,0.19757550,3.06928236
1519523068.60536003,-1.92737712,0.20101002,3.06862822
1519523068.63850093,-1.97394782,0.20420593,3.06989080
1519523068.67184496,-2.02039345,0.20913984,3.06969578
1519523068.70510101,-2.06875727,0.21226970,3.07045955
1519523068.73853111,-2.11161939,0.21497044,3.07019530
1519523068.77185202,-2.15528270,0.21728143,3.06987570
1519523068.80505991,-2.19894528,0.21960638,3.06935500
1519523068.83842707,-2.24575330,0.22148543,3.07000472
1519523068.87182212,-2.29243807,0.22506972,3.07050712
1519523068.90502405,-2.33809698,0.22690214,3.07099706
1519523068.93840003,-2.38321405,0.23363454,3.07068371
1519523068.97182298,-2.42867959,0.23544514,3.07273064
1519523069.00490499,-2.47291739,0.24612980,3.07139557
1519523069.03825307,-2.51657743,0.25005274,3.07200017
1519523069.07161903,-2.56019344,0.25461482,3.07202223
1519523069.10491490,-2.60607876,0.25866529,3.07161320
1519523069.13814998,-2.65207121,0.26118251,3.06964882
1519523069.17169189,-2.69815665,0.26379714,3.06840201
1519523069.20479894,-2.74421580,0.26679930,3.06814129
1519523069.23812389,-2.79134322,0.26989213,3.06801522
1519523069.27164698,-2.83896022,0.27238317,3.06710458
1519523069.30477691,-2.88648034,0.27491051,3.06627022
1519523069.33812404,-2.93424751,0.27749630,3.06581515
1519523069.37152004,-2.98208063,0.27921965,3.06459215
1519523069.40465999,-3.02994852,0.28052297,3.06275036
1519523069.43796206,-3.07696345,0.28184727,3.06112094
1519523069.47151208,-3.12069050,0.28584524,3.05777649
1519523069.50467205,-3.16232907,0.28981511,3.05772834
1519523069.53794098,-3.20399390,0.29347228,3.05352833
1519523069.57145905,-3.24818913,0.29752921,3.05211443
1519523069.60457206,-3.29329819,0.30205467,3.05156137
1519523069.63799500,-3.33847374,0.30661130,3.05065594
1519523069.67130804,-3.38374554,0.31118223,3.05125668
1519523069.70451808,-3.42910361,0.31372231,3.05178427
1519523069.73790407,-3.47276327,0.31608541,3.04963045
1519523069.77135801,-3.51526525,0.32019552,3.05363723
1519523069.80444288,-3.54935343,0.32621248,3.05456071
1519523069.83776212,-3.58247715,0.32929301,3.05395909
1519523069.87113094,-3.61555063,0.33294422,3.05301290
1519523069.90440702,-3.64862063,0.33662673,3.05566815
1519523069.93769193,-3.68160316,0.34021305,3.06002902
1519523069.97099805,-3.71241395,0.34184595,3.05997892
1519523070.00429702,-3.74325287,0.34313555,3.06454728
1519523070.03767395,-3.77472718,0.34467990,3.06810069
1519523070.07092094,-3.80618780,0.34637034,3.07310677
1519523070.10427594,-3.83721466,0.34787295,3.07753777
1519523070.13757110,-3.86824788,0.34923807,3.08229605
1519523070.17112803,-3.89920221,0.35188786,3.08868489
1519523070.20433807,-3.92987652,0.35432414,3.09434969
1519523070.23750806,-3.96061002,0.35561623,3.10086953
1519523070.27078199,-3.99082844,0.35657348,3.10679402
1519523070.30411100,-4.01886055,0.35727540,3.11379719
1519523070.33737397,-4.04689688,0.35778098,3.12235762
1519523070.37085605,-4.07561670,0.35770126,3.13258094
1519523070.40402198,-4.10881098,0.35715896,-3.13764107
1519523070.43734097,-4.14199544,0.35618641,-3.12406434
1519523070.47062397,-4.16572572,0.35739169,-3.10732790
1519523070.50396705,-4.18562972,0.35833140,-3.09018859
1519523070.53728509,-4.20391723,0.35839294,-3.07215909
1519523070.57079101,-4.22220287,0.35812477,-3.05013452
1519523070.60389590,-4.24040654,0.35702476,-3.02585856
1519523070.63737202,-4.25946975,0.35537955,-3.00310885
1519523070.67060399,-4.27784690,0.35325637,-2.98071816
1519523070.70386791,-4.29679511,0.35062116,-2.95752971
1519523070.73715997,-4.31509643,0.34765542,-2.93262563
1519523070.77046204,-4.33364474,0.34440202,-2.91020680
1519523070.80379009,-4.35211545,0.34073364,-2.88599841
1519523070.83724499,-4.37057428,0.33659772,-2.86049660
1519523070.87061000,-4.38863728,0.33027171,-2.83848849
1519523070.90379000,-4.40636185,0.32361066,-2.81716072
1519523070.93704700,-4.42539240,0.31940124,-2.79240709
1519523070.97034693,-4.44431292,0.31472209,-2.76631064
1519523071.00364089,-4.46310491,0.30955082,-2.74398766
1519523071.03707695,-4.47902333,0.30210683,-2.71845540
1519523071.07031488,-4.49523559,0.29534489,-2.69591599
1519523071.10360503,-4.51077792,0.28714457,-2.66984970
1519523071.13685799,-4.52454742,0.28067173,-2.64770039
1519523071.17024899,-4.53744818,0.27506671,-2.62206113
1519523071.20356202,-4.55028438,0.26987494,-2.59973324
1519523071.23682904,-4.56145539,0.26461571,-2.57579621
1519523071.27023196,-4.57193204,0.25944959,-2.54948495
1519523071.30346894,-4.58223860,0.25403018,-2.52536530
1519523071.33681607,-4.59012700,0.25069189,-2.50043816
1519523071.37029099,-4.59763756,0.24737609,-2.47239601
1519523071.40339494,-4.60621380,0.24605331,-2.44859627
1519523071.43671489,-4.60954959,0.24519461,-2.42264958
1519523071.47014689,-4.61209891,0.24491749,-2.39754147
1519523071.50365305,-4.61338314,0.24321062,-2.37148772
1519523071.53666091,-4.61551225,0.24060789,-2.34662507
1519523071.57006407,-4.61817101,0.23853678,-2.31909170
1519523071.60328007,-4.61989584,0.23733668,-2.29336282
1519523071.63676095,-4.62103739,0.23671856,-2.26846712
1519523071.67008400,-4.62065842,0.23481075,-2.24125611
1519523071.70348692,-4.62367195,0.23427512,-2.21501571
1519523071.73650503,-4.62603882,0.23283541,-2.18817215
1519523071.76985598,-4.62836619,0.23133268,-2.16051338
1519523071.80315304,-4.62930823,0.22809354,-2.13430876
1519523071.83644390,-4.62893607,0.22393397,-2.10863008
1519523071.86999297,-4.62935234,0.21828472,-2.08394576
1519523071.90316796,-4.63077251,0.21327125,-2.05757571
1519523071.93637609,-4.63209250,0.21188878,-2.03210116
1519523071.96981692,-4.63181519,0.20969688,-2.00556310
1519523072.00300598,-4.63146509,0.20878886,-1.98220698
1519523072.03633308,-4.63109389,0.20788926,-1.95791901
1519523072.07008910,-4.63167475,0.20739597,-1.93317562
1519523072.10339999,-4.63175624,0.20817299,-1.90945719
1519523072.13625908,-4.63108978,0.20635345,-1.88603285
1519523072.16975307,-4.63056990,0.20397041,-1.86196855
1519523072.20292902,-4.63083001,0.20181947,-1.83843731
1519523072.23621297,-4.63112103,0.19971715,-1.81434405
1519523072.26966906,-4.63136797,0.19758170,-1.78993119
1519523072.30281091,-4.63152621,0.19560468,-1.76765043
1519523072.33613801,-4.63046261,0.19321859,-1.74481052
1519523072.36965609,-4.63070961,0.18940298,-1.72331636
1519523072.40277600,-4.62981683,0.18315665,-1.70045397
1519523072.43606210,-4.63055852,0.17424043,-1.68137447
1519523072.46953607,-4.63154617,0.16019168,-1.66603051
1519523072.50270200,-4.63263321,0.14540938,-1.65294200
1519523072.57031894,-4.63370493,0.12546128,-1.63280246
1519523072.60263395,-4.63483366,0.10205992,-1.62671437
1519523072.63590908,-4.63825766,0.07878858,-1.62233094
1519523072.70257711,-4.64187975,0.04968356,-1.62090519
1519523072.73589706,-4.64360648,0.02048043,-1.62167813
1519523072.76940799,-4.64483987,-0.00867920,-1.62097411
1519523072.80264807,-4.64613069,-0.03783578,-1.62042022
1519523072.83584189,-4.64740537,-0.06699307,-1.62107527
1519523072.86913204,-4.64872208,-0.09660532,-1.62081421
1519523072.90244007,-4.65094255,-0.12617229,-1.62036158
1519523072.93574405,-4.65298889,-0.15574823,-1.61956647
1519523072.96906090,-4.65523974,-0.18484702,-1.61999081
1519523073.00237107,-4.65725214,-0.21395721,-1.61838751
1519523073.03567004,-4.65790608,-0.24476096,-1.61826853
1519523073.06950903,-4.65864351,-0.27739946,-1.61873411
1519523073.10229301,-4.65953641,-0.30819203,-1.61555453
1519523073.13564396,-4.66031990,-0.33873057,-1.61412821
1519523073.16899705,-4.66105984,-0.36927020,-1.61372120
1519523073.20227098,-4.66264562,-0.40048924,-1.61307743
1519523073.23557591,-4.66423765,-0.43233197,-1.61216313
1519523073.26894689,-4.66573235,-0.46505605,-1.61187383
1519523073.30218911,-4.66718381,-0.49695914,-1.61210765
1519523073.33547711,-4.66807891,-0.52888518,-1.61179565
1519523073.36922503,-4.66936230,-0.56079517,-1.61193217
1519523073.40217590,-4.67064747,-0.59264256,-1.61204913
1519523073.43546796,-4.67222230,-0.63053254,-1.61063716
1519523073.46875191,-4.67359692,-0.66474452,-1.60952802
1519523073.50204492,-4.67504808,-0.70191229,-1.60948321
1519523073.53534102,-4.67592899,-0.73804954,-1.60901454
1519523073.56884408,-4.67758433,-0.77415694,-1.60893725
1519523073.60201693,-4.67891219,-0.81027686,-1.60825414
1519523073.63535500,-4.68023869,-0.84701975,-1.60801798
1519523073.66869903,-4.68155652,-0.88376295,-1.60800537
1519523073.70195889,-4.68260043,-0.92051635,-1.60682832
1519523073.73524499,-4.68394997,-0.95555664,-1.60551934
1519523073.76856399,-4.68534770,-0.99330614,-1.60499486
1519523073.80192208,-4.68667789,-1.02966108,-1.60480916
1519523073.83515906,-4.68801003,-1.06604481,-1.60519707
1519523073.86852098,-4.68935628,-1.10242802,-1.60422135
1519523073.90178108,-4.69066704,-1.13881252,-1.60293842
1519523073.93511009,-4.69105396,-1.17541504,-1.60324271
1519523073.96840501,-4.69146194,-1.21232324,-1.60238607
1519523074.00172400,-4.69290594,-1.24937484,-1.59707819
1519523074.03513694,-4.69442194,-1.28624974,-1.59198370
1519523074.06848001,-4.69574032,-1.32267200,-1.58365874
1519523074.10170197,-4.69658365,-1.35854535,-1.57434842
1519523074.13499999,-4.69708293,-1.39160511,-1.56189951
1519523074.16837192,-4.69717063,-1.42466851,-1.54895142
1519523074.20167804,-4.69669644,-1.45389558,-1.53718686
1519523074.23492908,-4.69589725,-1.48255618,-1.52047319
1519523074.26825404,-4.69534500,-1.51115952,-1.50298141
1519523074.30158901,-4.69501726,-1.53573857,-1.48566077
1519523074.33502102,-4.69497793,-1.55825630,-1.46663593
1519523074.36824989,-4.69489193,-1.57711810,-1.44739253
1519523074.40158510,-4.69419529,-1.59419081,-1.42741201
1519523074.43483496,-4.69376897,-1.60701223,-1.40765875
1519523074.46823096,-4.69416972,-1.61900728,-1.38663068
1519523074.50174189,-4.69493991,-1.62810296,-1.36118232
1519523074.53495097,-4.69570338,-1.63577703,-1.33261707
1519523074.56807303,-4.69563205,-1.64328525,-1.30279545
1519523074.60136199,-4.69509985,-1.64860701,-1.27189455
1519523074.63469410,-4.69529755,-1.65100822,-1.24245757
1519523074.66831708,-4.69537362,-1.65339687,-1.20863682
1519523074.70158100,-4.69498769,-1.65643628,-1.17545890
1519523074.73476291,-4.69399991,-1.65925204,-1.14172053
1519523074.76806808,-4.69291772,-1.66203287,-1.10905064
1519523074.80129099,-4.69129093,-1.66420437,-1.07513266
1519523074.83454490,-4.68923226,-1.66681525,-1.04096547
1519523074.86802101,-4.68716760,-1.66921429,-1.00737682
1519523074.90129209,-4.68496401,-1.67150503,-0.97289272
1519523074.93445611,-4.68350443,-1.67418388,-0.93965939
1519523074.96800995,-4.68223592,-1.67610212,-0.90538546
1519523075.00117898,-4.68066661,-1.67827623,-0.87082406
1519523075.03444600,-4.67824729,-1.67974138,-0.83714963
1519523075.06773996,-4.67561965,-1.68130213,-0.80347804
1519523075.10128689,-4.67296227,-1.68279411,-0.76846087
1519523075.13439703,-4.67025429,-1.68419213,-0.73499894
1519523075.16803598,-4.66760365,-1.68540603,-0.70076715
1519523075.20105505,-4.66492953,-1.68654807,-0.66565501
1519523075.23429108,-4.66237573,-1.68779774,-0.63104947
1519523075.26756191,-4.65913287,-1.68977411,-0.59596677
1519523075.30089092,-4.65556347,-1.69147692,-0.56091933
1519523075.33419609,-4.64958516,-1.69221194,-0.52693195
1519523075.36747909,-4.64032626,-1.69425022,-0.49172520
1519523075.40125799,-4.62939526,-1.69682156,-0.45862268
1519523075.43421507,-4.61748402,-1.69884118,-0.42579414
1519523075.46761703,-4.60431032,-1.70066395,-0.39189534
1519523075.50082302,-4.59002851,-1.70247472,-0.36056996
1519523075.53411007,-4.57423923,-1.70401863,-0.33080277
1519523075.56737709,-4.55543073,-1.70775965,-0.30136777
1519523075.60077810,-4.53652029,-1.71094551,-0.27119126
1519523075.63398600,-4.51752233,-1.71355934,-0.24322578
1519523075.66740704,-4.49824627,-1.71648344,-0.21856122
1519523075.70062590,-4.47678478,-1.71940195,-0.19506273
1519523075.73401809,-4.45458807,-1.72318684,-0.17254558
1519523075.76728606,-4.43062100,-1.72676567,-0.15070013
1519523075.80072999,-4.40624763,-1.72860257,-0.12916640
1519523075.83385801,-4.37758000,-1.73046760,-0.11319042
1519523075.86722207,-4.34649047,-1.73214677,-0.10102432
1519523075.90057898,-4.31427943,-1.73460289,-0.09146365
1519523075.93390203,-4.28224678,-1.73893593,-0.07723606
1519523075.96712399,-4.25105806,-1.74274296,-0.06704430
1519523076.00043702,-4.22097953,-1.74402657,-0.05976796
1519523076.03377199,-4.18959998,-1.74513101,-0.05631917
1519523076.06713700,-4.15712938,-1.74614713,-0.05310857
1519523076.10037589,-4.12361912,-1.74711409,-0.05220434
1519523076.13368702,-4.09113115,-1.74773892,-0.05170441
1519523076.16703105,-4.05716889,-1.74997303,-0.05104987
1519523076.20035791,-4.02793200,-1.75039420,-0.04981549
1519523076.23364902,-3.99842026,-1.75153708,-0.04928271
1519523076.26734400,-3.96890792,-1.75266423,-0.04859402
1519523076.30031610,-3.93941130,-1.75411019,-0.04634005
1519523076.33362103,-3.91003826,-1.75548378,-0.04455161
1519523076.36687899,-3.88289180,-1.75670547,-0.04044379
1519523076.40026999,-3.86145098,-1.75699932,-0.03776546
1519523076.43366790,-3.84000945,-1.75723575,-0.03696769
1519523076.46682596,-3.81584365,-1.75755582,-0.03229357
1519523076.50013709,-3.79157954,-1.75735843,-0.02555404
1519523076.53342295,-3.76733377,-1.75764127,-0.01987839
1519523076.56694698,-3.74332897,-1.75778168,-0.01354471
1519523076.60008502,-3.71934199,-1.75848704,-0.00625193
1519523076.63343191,-3.69648458,-1.75901036,0.00031135
1519523076.66671896,-3.67386360,-1.75927696,0.00742149
1519523076.70001888,-3.65100262,-1.75929252,0.01361673
1519523076.73331308,-3.62758773,-1.75915890,0.01751217
1519523076.76670098,-3.60417353,-1.75893408,0.01814490
1519523076.79994392,-3.58192897,-1.75823941,0.01786636
1519523076.83325291,-3.55994994,-1.75755569,0.01881486
1519523076.86660194,-3.53872746,-1.75712269,0.02081399
1519523076.90149403,-3.51954131,-1.75668963,0.02364436
1519523076.93333697,-3.50122852,-1.75643677,0.02323542
1519523076.96649694,-3.48511448,-1.75624251,0.02363169
1519523076.99984789,-3.47012796,-1.75606850,0.02426605
1519523077.03328109,-3.45849386,-1.75576673,0.02452880
1519523077.06645489,-3.44761227,-1.75548036,0.02368359
1519523077.09998202,-3.43597153,-1.75545852,0.02348886
1519523077.13307500,-3.42432082,-1.75548195,0.02505194
1519523077.16638899,-3.41243964,-1.75543816,0.02540983
1519523077.19992399,-3.40056060,-1.75530664,0.02561956
1519523077.23322105,-3.39047029,-1.75475784,0.02651858
1519523077.26631808,-3.38380308,-1.75475139,0.02555517
1519523077.29965091,-3.37714019,-1.75458217,0.02607438
1519523077.33294702,-3.37060087,-1.75441271,0.02677724
1519523077.36626410,-3.36539113,-1.75427427,0.02749287
1519523077.39955401,-3.36343713,-1.75390193,0.02742164
1519523077.43297911,-3.36162143,-1.75428131,0.02697260
1519523077.46618795,-3.36033361,-1.75433639,0.02610115
1519523077.49954200,-3.35931786,-1.75439970,0.02673193
1519523077.53303099,-3.35889553,-1.75444086,0.02767506
1519523077.56612802,-3.35860112,-1.75429006,0.02673047
1519523077.59944391,-3.35847315,-1.75412632,0.02602114
1519523077.63275290,-3.35817895,-1.75395835,0.02719690
1519523077.66604805,-3.35784338,-1.75389275,0.02723782
1519523077.69940996,-3.35750781,-1.75382714,0.02711735
1519523077.73269296,-3.35752475,-1.75377112,0.02734625
1519523077.76601291,-3.35753660,-1.75390202,0.02755098
1519523077.79937601,-3.35754842,-1.75403293,0.02772545
1519523077.83261108,-3.35691330,-1.75424738,0.02782401
1519523077.86592293,-3.35687488,-1.75423742,0.02811340
1519523077.89926600,-3.35683645,-1.75422745,0.02822110
1519523077.93275499,-3.35680074,-1.75412158,0.02836850
1519523077.96586108,-3.35666099,-1.75397806,0.02797720
1519523077.99920607,-3.35652118,-1.75383458,0.02790875
1519523078.03248906,-3.35637537,-1.75390583,0.02784189
1519523078.06580400,-3.35621042,-1.75397656,0.02803726
1519523078.09928489,-3.35604758,-1.75397199,0.02801951
