1519523087.72632599,0.00000000,-0.00000000,-0.00000000
1519523087.75961304,0.00020544,-0.00000000,0.00144710
1519523087.79294109,0.00041103,-0.00010709,0.00227175
1519523087.82621002,0.00050062,0.00001719,0.00228866
1519523087.85969090,0.00056831,-0.00007475,0.00238632
1519523087.89292908,0.00056301,-0.00012891,0.00256019
1519523087.92617202,0.00055781,-0.00022102,0.00261767
1519523087.95946407,0.00054697,-0.00027520,0.00248695
1519523087.99283695,0.00053627,-0.00038429,0.00248796
1519523088.02612901,0.00025510,-0.00034472,0.00249763
1519523088.05940700,0.00020010,-0.00030459,0.00249392
1519523088.09278107,0.00014510,-0.00026446,0.00253297
1519523088.12599993,0.00019665,-0.00020152,0.00249070
1519523088.15936399,0.00024833,-0.00018425,0.00242616
1519523088.19280100,0.00023042,-0.00010182,0.00249394
1519523088.22597909,0.00021267,-0.00008472,0.00246325
1519523088.25922990,0.00020422,0.00001897,0.00249769
1519523088.29258490,0.00026074,-0.00013859,0.00245955
1519523088.32591891,0.00025231,-0.00004029,0.00246871
1519523088.35922408,0.00052019,-0.00019733,0.00247406
1519523088.39290094,0.00038386,-0.00009934,0.00242912
1519523088.42581892,0.00044992,-0.00030059,0.00235496
1519523088.45920992,0.00051603,-0.00053062,0.00239501
1519523088.49242496,0.00058214,-0.00076064,0.00257287
1519523088.52576590,0.00057645,-0.00073486,0.00254116
1519523088.55907798,0.00057074,-0.00069897,0.00251405
1519523088.59243298,0.00055776,-0.00067321,0.00249887
1519523088.62569594,0.00059070,-0.00063723,0.00251220
1519523088.65910101,0.00062383,-0.00067754,0.00248488
1519523088.69230008,0.00065674,-0.00062878,0.00253134
1519523088.72565603,0.00074882,-0.00084561,0.00244490
1519523088.75909996,0.00058085,-0.00078427,0.00256833
1519523088.79232097,0.00067221,-0.00072229,0.00252742
1519523088.82562995,0.00047998,-0.00064715,0.00250638
1519523088.85891199,0.00062144,-0.00057116,0.00254034
1519523088.89229894,0.00048828,-0.00058639,0.00254746
1519523088.92555308,0.00057625,-0.00060106,0.00249084
1519523088.95880103,0.00066429,-0.00064348,0.00248951
1519523088.99217105,0.00075209,-0.00058821,0.00246166
1519523089.02547097,0.00095006,-0.00063037,0.00247625
1519523089.05887294,0.00078922,-0.00051367,0.00246808
1519523089.09207797,0.00089169,-0.00051686,0.00251908
1519523089.12536597,0.00099417,-0.00052005,0.00251115
1519523089.15868402,0.00109664,-0.00052324,0.00239766
1519523089.19201708,0.00114143,-0.00059387,0.00251768
1519523089.22532392,0.00111060,-0.00053346,0.00258750
1519523089.25870109,0.00115539,-0.00060409,0.00252447
1519523089.29190707,0.00112473,-0.00061014,0.00250345
1519523089.32528591,0.00111989,-0.00061613,0.00257065
1519523089.35861492,0.00111506,-0.00062211,0.00246472
1519523089.39202809,0.00116379,-0.00058021,0.00253386
1519523089.42520404,0.00123101,-0.00066630,0.00248313
1519523089.45853901,0.00129791,-0.00062434,0.00248657
1519523089.49189591,0.00123705,-0.00087102,0.00236075
1519523089.52514195,0.00117546,-0.00082382,0.00253750
1519523089.55847502,0.00111401,-0.00083309,0.00249020
1519523089.59185505,0.00096904,-0.00078612,0.00253401
1519523089.62508297,0.00082421,-0.00079560,0.00245795
1519523089.65836501,0.00109428,-0.00097030,0.00205736
1519523089.69168496,0.00147250,-0.00114488,0.00129668
1519523089.72523189,0.00371235,-0.00093524,0.00159624
1519523089.75829601,0.00596809,-0.00072491,0.00294522
1519523089.79185796,0.00861221,-0.00058650,0.00301993
1519523089.82490110,0.01191510,-0.00085302,0.00286171
1519523089.85831499,0.01572905,-0.00077793,0.00290155
1519523089.89171290,0.01994794,-0.00104218,0.00318470
1519523089.92487001,0.02939555,-0.00094793,0.00599354
1519523089.95815611,0.03884821,-0.00060945,0.00600579
1519523089.99177003,0.04960005,-0.00026306,0.00710580
1519523090.02480698,0.06117246,-0.00003405,0.00863268
1519523090.05812311,0.07274561,0.00008445,0.00933784
1519523090.09144807,0.08458639,0.00021361,0.01017153
1519523090.12472391,0.09771329,0.00055315,0.01119846
1519523090.15813088,0.11254963,0.00092533,0.01198108
1519523090.19240093,0.12852239,0.00130093,0.01297883
1519523090.22466993,0.14474275,0.00169568,0.01311670
1519523090.25804901,0.16183716,0.00206407,0.00456990
1519523090.29178309,0.18239467,0.00272173,0.01006458
1519523090.32468009,0.20159078,0.00347867,0.01436192
1519523090.35792303,0.22214086,0.00433759,0.01546005
1519523090.39202595,0.24134536,0.00437308,0.02114090
1519523090.42454791,0.26009081,0.00450798,0.03019850
1519523090.45793009,0.27857894,0.00480494,0.03729879
1519523090.49155998,0.29730536,0.00562870,0.04622509
1519523090.52447391,0.31892965,0.00744784,0.05788216
1519523090.55779910,0.34179185,0.00989966,0.06961439
1519523090.59177899,0.36716269,0.01311153,0.07994194
1519523090.62444711,0.39430366,0.01672981,0.09110348
1519523090.65777993,0.42317161,0.02090444,0.10164631
1519523090.69161510,0.45259319,0.02395263,0.11119095
1519523090.72434306,0.48204392,0.02674783,0.12426654
1519523090.75770593,0.51080968,0.02984718,0.13558088
1519523090.79100800,0.53957262,0.03302181,0.14706418
1519523090.82431889,0.56840930,0.03777070,0.16171589
1519523090.85765505,0.59899297,0.04319348,0.17364527
1519523090.89108109,0.62950978,0.04898071,0.18538697
1519523090.92421198,0.66005386,0.05513440,0.19633500
1519523090.95755601,0.69006850,0.06141318,0.20962879
1519523090.99085903,0.72047841,0.06819281,0.22206599
1519523091.02415895,0.75069094,0.07532513,0.23373874
1519523091.05753589,0.78203519,0.08195168,0.24539796
1519523091.09082389,0.81234435,0.08870387,0.25444337
1519523091.12411690,0.84344955,0.09634373,0.26245501
1519523091.15743089,0.87263136,0.10437548,0.26799214
1519523091.19076991,0.90208254,0.11202691,0.27301227
1519523091.22404408,0.93133163,0.12040931,0.27884861
1519523091.25741196,0.96378048,0.12926255,0.28001884
1519523091.29070497,0.99616645,0.13833630,0.27999997
1519523091.32401896,1.02784736,0.14720665,0.28034926
1519523091.35741210,1.05927443,0.15601586,0.28082404
1519523091.39074397,1.09084933,0.16525446,0.28124525
1519523091.42397308,1.12284733,0.17440195,0.28173704
1519523091.45724392,1.15478000,0.18377537,0.28202673
1519523091.49064398,1.18915921,0.19363989,0.28223112
1519523091.52383089,1.22086623,0.20376545,0.28338795
1519523091.55713797,1.25542009,0.21394395,0.28176233
1519523091.59048605,1.29045219,0.22458619,0.28124015
1519523091.62375808,1.32559282,0.23485367,0.28038291
1519523091.65708494,1.36061132,0.24463887,0.28028482
1519523091.69114208,1.39592249,0.25340726,0.27516992
1519523091.72372198,1.43127805,0.26199493,0.27080848
1519523091.75701499,1.46467052,0.27040578,0.26685712
1519523091.79035091,1.49735271,0.27871010,0.26112699
1519523091.82364202,1.52936985,0.28710576,0.25445849
1519523091.85698104,1.56144228,0.29528772,0.24881889
1519523091.89037704,1.59356033,0.30328868,0.24253615
1519523091.92358994,1.62568427,0.31182610,0.23656854
1519523091.95694494,1.65785859,0.32017166,0.23111767
1519523091.99022889,1.69277541,0.32863192,0.22602568
1519523092.02352500,1.72789354,0.33622421,0.22313360
1519523092.05681801,1.76287679,0.34440543,0.22218871
1519523092.09024692,1.80092763,0.35328541,0.22295275
1519523092.12347794,1.83897722,0.36227768,0.22153046
1519523092.15676093,1.87742490,0.37122067,0.22304670
1519523092.19012809,1.91726384,0.38036911,0.22345462
1519523092.22337890,1.95829627,0.38827405,0.22264093
1519523092.25670099,1.99925403,0.39650379,0.22283201
1519523092.29012299,2.04106533,0.40493513,0.22389097
1519523092.32340908,2.07837345,0.41309599,0.22456500
1519523092.35677505,2.11937449,0.42212678,0.22478046
1519523092.38998699,2.15679158,0.42924630,0.22499028
1519523092.42322302,2.19533155,0.43663099,0.22576166
1519523092.45660400,2.23231060,0.44566389,0.22595244
1519523092.48993897,2.26910619,0.45466207,0.22528424
1519523092.52322698,2.30607273,0.46291593,0.22517364
1519523092.55650997,2.34304018,0.47116570,0.22343624
1519523092.58982801,2.38059864,0.47935223,0.21968927
1519523092.62337804,2.41549761,0.48697521,0.21599940
1519523092.65643597,2.45599595,0.49571430,0.21396189
1519523092.68985295,2.49499838,0.50404195,0.20979495
1519523092.72310495,2.53395713,0.51257352,0.20583872
1519523092.75641799,2.57294968,0.52094921,0.20179636
1519523092.79026103,2.61239424,0.52925283,0.19656549
1519523092.82317400,2.65748837,0.53696533,0.19577069
1519523092.85630608,2.70319473,0.54476218,0.19737105
1519523092.88970590,2.74982196,0.55555515,0.19649258
1519523092.92314291,2.79856955,0.56672735,0.19685604
1519523092.95640707,2.84566236,0.57595676,0.19715919
1519523092.98980904,2.89309327,0.58349391,0.19678585
1519523093.02295399,2.93834263,0.59235235,0.19733025
1519523093.05630493,2.98366757,0.60083324,0.19905768
1519523093.08979702,3.02897026,0.60942970,0.19840941
1519523093.12289095,3.07280180,0.61769990,0.19781704
1519523093.15620399,3.11663822,0.62594413,0.19863811
1519523093.18962693,3.16081014,0.63252393,0.19819720
1519523093.22302198,3.20534762,0.63915709,0.19820256
1519523093.25613999,3.24961768,0.64712180,0.19801851
1519523093.28956699,3.29545018,0.65539156,0.19513869
1519523093.32281899,3.34130629,0.66352930,0.18957514
1519523093.35611701,3.38236572,0.67215262,0.18376621
1519523093.38975501,3.42347455,0.68053728,0.17761645
1519523093.42281103,3.46878204,0.68742630,0.17296311
1519523093.45606709,3.51432206,0.69413953,0.16650906
1519523093.48982501,3.55957773,0.70127191,0.15948279
1519523093.52270198,3.60508380,0.70811854,0.15367680
1519523093.55597496,3.65128322,0.71602947,0.14767474
1519523093.58959198,3.69783316,0.72162024,0.14164174
1519523093.62271094,3.74370626,0.72807126,0.13862753
1519523093.65584898,3.78959859,0.73438397,0.13377038
1519523093.68946695,3.83590399,0.74060255,0.12858687
1519523093.72249889,3.88313987,0.74692108,0.12449570
1519523093.75588894,3.92947339,0.75293021,0.11988381
1519523093.78957009,3.97287680,0.75803965,0.12222896
1519523093.82242990,4.01552381,0.76315943,0.11953054
1519523093.85581803,4.05820953,0.76828580,0.11582553
1519523093.88952708,4.10085118,0.77379347,0.11278068
1519523093.92238998,4.14530587,0.77937475,0.10805665
1519523093.95567989,4.19002564,0.78254091,0.10555263
1519523093.98902607,4.23531800,0.78565492,0.10863529
1519523094.02234507,4.28007387,0.79105063,0.10338378
1519523094.05572295,4.32485746,0.79621123,0.09808944
1519523094.08886909,4.36984567,0.79932662,0.09283045
1519523094.12214899,4.41334936,0.80174670,0.08712545
1519523094.15550089,4.45662740,0.80389769,0.08127698
1519523094.18879890,4.49983258,0.80683532,0.07453641
1519523094.22222090,4.54413846,0.80992897,0.06972667
1519523094.25554109,4.58845871,0.81280948,0.06478308
1519523094.28890800,4.63279266,0.81547086,0.05971782
1519523094.32214689,4.67938171,0.81704771,0.05469037
1519523094.35536003,4.72597810,0.81839031,0.05059438
1519523094.38872290,4.77148839,0.82001357,0.04911921
1519523094.42214894,4.81632184,0.82153631,0.04747112
1519523094.45533109,4.85969254,0.82266688,0.04761968
1519523094.48879290,4.90306308,0.82380389,0.04919466
1519523094.52204990,4.94566361,0.82526832,0.04844070
1519523094.55552602,4.98954879,0.82676286,0.04846372
1519523094.58864188,5.03148522,0.82816388,0.04818148
1519523094.62199712,5.07724019,0.82896772,0.04879270
1519523094.65525007,5.12094542,0.83139960,0.04959281
1519523094.68857193,5.16744498,0.83444041,0.04976979
1519523094.72197700,5.21110368,0.83780089,0.05021126
1519523094.75513792,5.25531731,0.84075567,0.04992892
1519523094.78842711,5.29962905,0.84175124,0.05085631
1519523094.82189894,5.34416924,0.84279958,0.05174792
1519523094.85514498,5.38952802,0.84477286,0.05156002
1519523094.88844895,5.43581253,0.84678538,0.05224882
1519523094.92179394,5.48207756,0.84917543,0.05407164
1519523094.95507908,5.52800574,0.85017068,0.05494319
1519523094.98838305,5.57330825,0.85261054,0.06329397
1519523095.02174497,5.61805419,0.85539473,0.06814103
1519523095.05510807,5.66121116,0.85897495,0.07404522
1519523095.08833694,5.70330216,0.86273246,0.08243374
1519523095.12162590,5.74463044,0.86519370,0.09489286
1519523095.15493798,5.78301668,0.86789285,0.11077782
1519523095.18824506,5.82010774,0.87246122,0.12126998
1519523095.22164392,5.85620417,0.87730337,0.13530802
1519523095.25489306,5.89230105,0.88212306,0.15256698
1519523095.28823209,5.92862613,0.88550495,0.16963846
1519523095.32149696,5.96380138,0.89134969,0.19686286
1519523095.35482597,5.99557547,0.89546559,0.21515416
1519523095.38830590,6.02447275,0.90028045,0.23617511
1519523095.42135191,6.05316284,0.90567767,0.25743757
1519523095.45473289,6.08014315,0.91302303,0.27980295
1519523095.48808789,6.10695245,0.92096994,0.30290136
1519523095.52150106,6.13414811,0.92848695,0.33080430
1519523095.55465198,6.16236393,0.93718578,0.35405516
1519523095.58805203,6.18909886,0.94619389,0.37949569
1519523095.62127805,6.21316016,0.95490768,0.40201985
1519523095.65463400,6.23513979,0.96212552,0.42963468
1519523095.68796206,6.25691175,0.96994750,0.45644917
1519523095.72126198,6.27992437,0.97906644,0.48239777
1519523095.75453806,6.30178484,0.99051296,0.52826415
1519523095.78786206,6.32326660,1.00215027,0.55369704
1519523095.82118797,6.34318386,1.01395282,0.58103166
1519523095.85450006,6.36402193,1.02670694,0.60711573
1519523095.88784409,6.38367016,1.03899530,0.63524154
1519523095.92110491,6.40515698,1.05344718,0.66181493
1519523095.95450902,6.42354168,1.07226338,0.68913796
1519523095.98772097,6.44140546,1.09157482,0.71992012
1519523096.02122903,6.45952771,1.10862601,0.74890797
1519523096.05434990,6.47601195,1.12267755,0.78147059
1519523096.08765507,6.49194948,1.13379470,0.81463547
1519523096.12101603,6.50750961,1.14543421,0.85101197
1519523096.15431309,6.52162730,1.16126851,0.88469208
1519523096.18782902,6.53520379,1.17756922,0.91912244
1519523096.22095490,6.54733506,1.19621900,0.95577201
1519523096.25419593,6.56156968,1.21332640,0.99083626
1519523096.28752589,6.57378997,1.23184330,1.02733182
1519523096.32087398,6.58587267,1.24844768,1.06243037
1519523096.35425496,6.59567177,1.26587944,1.10013012
1519523096.38748193,6.60662904,1.28274105,1.13343790
1519523096.42079711,6.61489014,1.30095342,1.17020463
1519523096.45415497,6.62459219,1.31842816,1.20427007
1519523096.48744702,6.63268367,1.33656155,1.24059098
1519523096.52074504,6.64087971,1.35471344,1.27541425
1519523096.55405211,6.64780360,1.37384242,1.31151044
1519523096.58737993,6.65325165,1.39341597,1.34815304
1519523096.62064505,6.65787476,1.41271566,1.38322450
1519523096.65399098,6.66172021,1.43218420,1.41915547
1519523096.68736100,6.66625869,1.45177292,1.45483865
1519523096.72056699,6.67009544,1.47151109,1.49119960
1519523096.75389600,6.67328103,1.49137019,1.52602153
1519523096.78728199,6.67580005,1.51192536,1.56238161
1519523096.82051706,6.67757018,1.53255851,1.59667084
1519523096.85386395,6.67766060,1.55308858,1.63498063
1519523096.88714099,6.67697090,1.57350979,1.67224209
1519523096.92047405,6.67552092,1.59389113,1.71018148
1519523096.95380998,6.67373786,1.61426439,1.74840478
1519523096.98712802,6.67187536,1.63419019,1.78650998
1519523097.02038598,6.66925511,1.65403058,1.82605178
1519523097.05373001,6.66585622,1.67375281,1.86455603
1519523097.08710790,6.66136737,1.69443128,1.90299208
1519523097.12031603,6.65540185,1.71651415,1.94095783
1519523097.15370011,6.64860243,1.73835468,1.98052491
1519523097.18699193,6.64223154,1.75694550,2.01944678
1519523097.22041702,6.63521066,1.77530736,2.05738249
1519523097.25359201,6.62790321,1.79153332,2.09658592
1519523097.28734398,6.61909471,1.80896094,2.13473561
1519523097.32025909,6.60979887,1.82576963,2.17362976
1519523097.35358691,6.59995032,1.84226874,2.21250993
1519523097.38675094,6.58946789,1.85837257,2.25007498
1519523097.42008400,6.57873448,1.87364233,2.28979715
1519523097.45345402,6.56843839,1.88887655,2.32894582
1519523097.48674297,6.55755393,1.90369612,2.37347604
1519523097.52000308,6.54432518,1.91883175,2.41248950
1519523097.55337000,6.53044454,1.93335973,2.45207234
1519523097.58667588,6.51599986,1.94732704,2.49122473
1519523097.61999893,6.50193755,1.96001984,2.52932226
1519523097.65337801,6.48515032,1.97411601,2.56932365
1519523097.68656206,6.46781281,1.98752957,2.60773903
1519523097.71985102,6.44982997,2.00002553,2.64673630
1519523097.75345707,6.43387909,2.01005657,2.68708905
1519523097.78667903,6.41769194,2.01975401,2.72478941
1519523097.81990099,6.39658846,2.03276449,2.76449057
1519523097.85351396,6.37498522,2.04492709,2.96260823
1519523097.88655400,6.35598075,2.05097365,3.00248804
1519523097.91982007,6.33653992,2.05475490,3.04192393
1519523097.95311904,6.31696512,2.05776674,3.08085802
1519523097.98652601,6.29400546,2.06008485,3.12077568
1519523098.01983190,6.27412010,2.06114339,-3.12461629
1519523098.05333400,6.25419793,2.06144964,-3.08565397
1519523098.08653903,6.23428995,2.06098025,-3.04623868
1519523098.11970401,6.21422686,2.06158778,-3.00740049
1519523098.15306592,6.19486325,2.06035114,-2.96775070
1519523098.18632603,6.17218779,2.05892245,-2.92854831
1519523098.21967101,6.15179360,2.05590733,-2.88884475
1519523098.25308108,6.13165136,2.05163517,-2.85038795
1519523098.28625703,6.11304176,2.04699742,-2.80998282
1519523098.31948996,6.09462485,2.04176588,-2.77079879
1519523098.35279298,6.07642701,2.03581689,-2.73059884
1519523098.38626289,6.05653804,2.03026611,-2.69121079
1519523098.41955304,6.03591566,2.02323229,-2.65112748
1519523098.45281911,6.01549145,2.01556545,-2.61238165
1519523098.48612595,5.99439541,2.00629108,-2.57356187
1519523098.51932311,5.97246074,1.99591070,-2.53521160
1519523098.55274510,5.95088836,1.98267773,-2.49640636
1519523098.58608794,5.93040931,1.96786883,-2.45948479
1519523098.61934805,5.91082000,1.95258140,-2.42826220
1519523098.65273190,5.89104790,1.93746365,-2.40235819
1519523098.68604708,5.87129254,1.92149108,-2.38477082
1519523098.71928096,5.84970810,1.90123041,-2.37337790
1519523098.75268888,5.82835588,1.88072515,-2.36525270
1519523098.78595591,5.80650973,1.85797643,-2.36258974
1519523098.81930399,5.78684647,1.84001036,-2.36178333
1519523098.85268307,5.76577213,1.82151779,-2.36038831
1519523098.88586092,5.74472362,1.80299585,-2.35899558
1519523098.91921091,5.72415060,1.78300970,-2.35905120
1519523098.95246410,5.70357647,1.76302470,-2.35875552
1519523098.98578501,5.68300825,1.74303361,-2.35915293
1519523099.01927805,5.66257296,1.72505379,-2.36162079
1519523099.05244589,5.64280529,1.70481964,-2.37004410
1519523099.08587790,5.62248725,1.68514404,-2.38156703
1519523099.11912990,5.60178334,1.66479814,-2.39307542
1519523099.15238690,5.57869224,1.64235518,-2.40776056
1519523099.18574405,5.55695740,1.62177183,-2.42513350
1519523099.21898007,5.53215483,1.60032096,-2.44337992
1519523099.25240493,5.50916036,1.58116861,-2.46199003
1519523099.28560591,5.48316617,1.56247808,-2.48372272
1519523099.31885004,5.45677194,1.54435684,-2.50673275
1519523099.35218096,5.42996778,1.52684768,-2.52881590
1519523099.38560700,5.40567102,1.50984180,-2.55191787
1519523099.41886592,5.38171805,1.49389022,-2.57401273
1519523099.45210910,5.35694960,1.47757309,-2.59717435
1519523099.48540592,5.32799391,1.45952358,-2.61955653
1519523099.51878309,5.29723835,1.44131941,-2.64122070
1519523099.55201697,5.26544561,1.42293108,-2.65889573
1519523099.58545303,5.23257782,1.40654828,-2.67544321
1519523099.61881709,5.19944117,1.39071043,-2.68808554
1519523099.65200210,5.16599255,1.37586459,-2.70138175
1519523099.68594503,5.12610316,1.35852252,-2.71364449
1519523099.71859789,5.08669397,1.34198557,-2.72622285
1519523099.75195289,5.04647307,1.32732152,-2.73413044
1519523099.78526092,5.00613748,1.31297598,-2.73681848
1519523099.81857991,4.96407417,1.29792074,-2.73582410
1519523099.85183406,4.92206221,1.28234012,-2.73438855
1519523099.88544798,4.88021726,1.26676156,-2.73344638
1519523099.91852093,4.84054270,1.25118129,-2.73335948
1519523099.95184207,4.80095274,1.23540512,-2.73326602
1519523099.98513508,4.75994501,1.21901122,-2.73384957
1519523100.01843691,4.71926311,1.20186478,-2.73372183
1519523100.05185509,4.67858341,1.18471315,-2.73278314
1519523100.08503699,4.63643414,1.16653999,-2.73277447
1519523100.11835790,4.59403840,1.14893574,-2.73193889
1519523100.15206099,4.54950564,1.13124632,-2.73406060
1519523100.18524289,4.50720294,1.11463030,-2.73295135
1519523100.21827006,4.46361202,1.09645497,-2.73207771
1519523100.25167894,4.42207249,1.07912507,-2.73175644
1519523100.28506088,4.37850332,1.06089767,-2.73180265
1519523100.31820107,4.33688963,1.04439714,-2.73211094
1519523100.35188890,4.29107294,1.02439883,-2.73202161
1519523100.38526201,4.24591167,1.00560781,-2.73232039
1519523100.41822791,4.20108903,0.98603671,-2.73217465
1519523100.45170093,4.15665969,0.96629614,-2.73150599
1519523100.48545599,4.11313528,0.94691353,-2.73097865
1519523100.51831508,4.06963322,0.93001871,-2.73067345
1519523100.55172801,4.02520734,0.91270582,-2.72992767
1519523100.58503795,3.98437038,0.89542962,-2.72884537
1519523100.61810708,3.93785543,0.87561463,-2.72656147
1519523100.65183401,3.89693803,0.85642563,-2.72110625
1519523100.68461204,3.85552215,0.83836394,-2.71806315
1519523100.71794009,3.81416142,0.82017630,-2.71551849
1519523100.75134206,3.77224026,0.80160803,-2.71173197
1519523100.78467989,3.72749124,0.78218138,-2.70846853
1519523100.81788301,3.68562415,0.76316949,-2.70288942
1519523100.85124493,3.63919704,0.74173470,-2.69849831
1519523100.88453293,3.59725341,0.72117524,-2.69463868
1519523100.91789794,3.55558106,0.70005428,-2.68953086
1519523100.95167899,3.51401713,0.67872074,-2.68715516
1519523100.98461699,3.47106432,0.65680316,-2.68492778
1519523101.01786399,3.42816043,0.63478996,-2.68515472
1519523101.05168605,3.38597421,0.61314134,-2.68605437
1519523101.08450794,3.34280107,0.59370160,-2.68392021
1519523101.11784697,3.30040229,0.57453068,-2.68333932
1519523101.15111804,3.25901679,0.55582948,-2.68246802
1519523101.18450689,3.21868647,0.53499078,-2.68269497
1519523101.21765208,3.18047074,0.51548574,-2.68393691
1519523101.25113106,3.13522349,0.49257685,-2.68532207
1519523101.28433204,3.09616335,0.47478856,-2.68727541
1519523101.31768203,3.04854077,0.45291172,-2.68914212
1519523101.35097599,3.00371389,0.43082633,-2.69187219
1519523101.38417792,2.95882689,0.40886340,-2.69429247
1519523101.41755199,2.91539924,0.38819392,-2.69766922
1519523101.45081210,2.87214932,0.36778881,-2.70028056
1519523101.48412991,2.82897920,0.34721529,-2.70354654
1519523101.51748395,2.78574211,0.32678288,-2.70563222
1519523101.55083108,2.74148887,0.30679730,-2.70867732
1519523101.58413196,2.69717497,0.28694657,-2.71140265
1519523101.61747503,2.65382725,0.26667043,-2.71379181
1519523101.65081000,2.61043121,0.24649791,-2.71833085
1519523101.68406701,2.57115979,0.22743723,-2.72038846
1519523101.71740508,2.52523745,0.20692668,-2.72223755
1519523101.75084805,2.48489520,0.18757525,-2.72476438
1519523101.78407598,2.44029303,0.16888738,-2.72743516
1519523101.81729102,2.39576095,0.15004606,-2.72968690
1519523101.85056806,2.35021857,0.13088215,-2.73496433
1519523101.88397288,2.30463832,0.11073660,-2.73783223
1519523101.91722703,2.25900049,0.09072185,-2.74266943
1519523101.95059299,2.21260437,0.07081445,-2.74491883
1519523101.98393011,2.16589630,0.05117243,-2.74520044
1519523102.01719689,2.11907942,0.03179036,-2.74663958
1519523102.05052590,2.07223469,0.01247569,-2.75035863
1519523102.08377194,2.02655117,-0.00667643,-2.75219623
1519523102.11736488,1.97923783,-0.02660710,-2.75383809
1519523102.15067697,1.93400830,-0.04559562,-2.75686881
1519523102.18384290,1.88497859,-0.06564699,-2.75661793
1519523102.21715307,1.83444489,-0.08528168,-2.75572224
1519523102.25042892,1.78257843,-0.10655099,-2.75588701
1519523102.28371191,1.73089867,-0.12667818,-2.75531457
1519523102.31702304,1.67999237,-0.14870834,-2.75392182
1519523102.35038710,1.62894918,-0.16819235,-2.75308046
1519523102.38357210,1.57894223,-0.19021084,-2.75133655
1519523102.41683197,1.52976820,-0.21229742,-2.75112925
1519523102.45100594,1.47411111,-0.23720970,-2.74977943
1519523102.48364997,1.42502281,-0.25949694,-2.74686876
1519523102.51696301,1.37198795,-0.28359816,-2.74519090
1519523102.55014992,1.32538334,-0.30189346,-2.74440782
1519523102.58361292,1.27611858,-0.32764260,-2.74232865
1519523102.61677003,1.22713310,-0.35402890,-2.74258239
1519523102.65023589,1.17814092,-0.38040276,-2.74657031
1519523102.68610096,1.13217767,-0.39788117,-2.74482834
1519523102.71679211,1.08624495,-0.41543962,-2.74132283
1519523102.75001097,1.03700498,-0.43692672,-2.74403012
1519523102.78339100,0.98770702,-0.45828044,-2.74434188
1519523102.81682706,0.93832661,-0.47943811,-2.74353011
1519523102.84997296,0.88993421,-0.50022762,-2.74257443
1519523102.88350701,0.84138044,-0.52305776,-2.74248176
1519523102.91660810,0.79282878,-0.54589239,-2.74182392
1519523102.94993591,0.74388097,-0.56778579,-2.74256651
1519523102.98316908,0.68873871,-0.59224785,-2.74287273
1519523103.01650500,0.64162582,-0.61458047,-2.74318776
1519523103.05017591,0.59394380,-0.63713485,-2.74409988
1519523103.08322191,0.54492822,-0.65651832,-2.74309795
1519523103.11663198,0.49497727,-0.67604216,-2.74278827
1519523103.15007710,0.44395511,-0.69634618,-2.74235716
1519523103.18325710,0.39427216,-0.72048048,-2.74300705
1519523103.21642494,0.34432231,-0.74476690,-2.74376140
1519523103.24988699,0.29435415,-0.76901564,-2.74531354
1519523103.28339100,0.24588564,-0.78955921,-2.74448145
1519523103.31632900,0.19681984,-0.80867811,-2.74408635
1519523103.34985089,0.15042220,-0.82669933,-2.74344894
1519523103.38296390,0.10233113,-0.84886947,-2.74408777
1519523103.41621208,0.05422592,-0.87100889,-2.74515418
1519523103.44975400,0.00142853,-0.89505127,-2.74516076
1519523103.48285294,-0.05169932,-0.91830423,-2.74547242
1519523103.51611400,-0.10218337,-0.94043190,-2.74514359
1519523103.54964089,-0.14967843,-0.96127732,-2.74558097
1519523103.58284903,-0.19803941,-0.98246021,-2.74575721
1519523103.61623096,-0.24532155,-1.00381658,-2.74563947
1519523103.64956594,-0.29345801,-1.02553671,-2.74530026
1519523103.68276000,-0.34254590,-1.04720870,-2.74525389
1519523103.71611094,-0.39163277,-1.06888297,-2.74621228
1519523103.74963808,-0.44274091,-1.09136771,-2.74652053
1519523103.78266406,-0.48967564,-1.11209351,-2.74796242
1519523103.81601191,-0.53579229,-1.13221743,-2.75092780
1519523103.84963393,-0.57829363,-1.14844781,-2.75389834
1519523103.88260508,-0.61962986,-1.16405646,-2.76452508
1519523103.91596198,-0.66099970,-1.17955300,-2.78047446
1519523103.94935298,-0.69610994,-1.19524900,-2.79758248
1519523103.98255205,-0.73082245,-1.20962097,-2.82000655
1519523104.01587296,-0.76359369,-1.22245980,-2.84338852
1519523104.04921198,-0.79690317,-1.23326998,-2.86883493
1519523104.08257008,-0.83047692,-1.24322914,-2.89275643
1519523104.11579299,-0.86301140,-1.25345633,-2.92066421
1519523104.14926291,-0.89615546,-1.26364441,-2.95058112
1519523104.18242311,-0.92786226,-1.27250253,-2.98110532
1519523104.21575093,-0.95931771,-1.28097066,-3.01154950
1519523104.24913406,-0.98903978,-1.28800815,-3.04329044
1519523104.28243709,-1.01708417,-1.29412282,-3.07960398
1519523104.31569505,-1.04517602,-1.29899624,-3.11369096
1519523104.34912300,-1.07313012,-1.30323903,3.13527218
1519523104.38225889,-1.10121301,-1.30652288,3.09968528
1519523104.41554999,-1.12984223,-1.30878672,3.06131103
1519523104.44897795,-1.15846817,-1.30909229,3.02470404
1519523104.48226190,-1.18576126,-1.30850555,2.98854323
1519523104.51564598,-1.20844551,-1.30953653,2.94785825
1519523104.54907608,-1.23188153,-1.31357595,2.90503685
1519523104.58215690,-1.25546898,-1.31660841,2.86225413
1519523104.61551905,-1.27870428,-1.31357391,2.82100200
1519523104.64875889,-1.30167281,-1.30882116,2.78136762
1519523104.68209004,-1.32443498,-1.30316203,2.74105704
1519523104.71539998,-1.34589275,-1.29616935,2.70039418
1519523104.74872494,-1.36854179,-1.29147225,2.66273341
1519523104.78202105,-1.38805401,-1.28025517,2.62103750
1519523104.81537795,-1.40903319,-1.27260246,2.58114082
1519523104.84863806,-1.42889065,-1.26441325,2.54121160
1519523104.88201594,-1.44276095,-1.25951586,2.50020782
1519523104.91533303,-1.45631356,-1.25391301,2.45617969
1519523104.94856405,-1.47563780,-1.24318852,2.41697402
1519523104.98194408,-1.49482848,-1.23129050,2.37631665
1519523105.01539302,-1.51356321,-1.21858048,2.33549358
1519523105.04854703,-1.53037267,-1.20378193,2.29741200
1519523105.08187103,-1.54679780,-1.18813895,2.25846851
1519523105.11524010,-1.56184322,-1.17124553,2.21827909
1519523105.14849710,-1.57492387,-1.15514687,2.17967708
1519523105.18176889,-1.58737348,-1.13855539,2.13796408
1519523105.21521902,-1.60039939,-1.11929545,2.09549671
1519523105.24840808,-1.61435004,-1.10051522,2.05390711
1519523105.28174305,-1.62585223,-1.07769086,2.00927716
1519523105.31511092,-1.63770992,-1.05733823,1.96597184
1519523105.34833598,-1.64782091,-1.03613492,1.92316088
1519523105.38172102,-1.65788413,-1.01483783,1.88048394
1519523105.41499805,-1.66641594,-0.99201058,1.83608458
1519523105.44827890,-1.67547532,-0.96916254,1.79274642
1519523105.48164105,-1.68091646,-0.94527628,1.75013957
1519523105.51485395,-1.68657178,-0.92140410,1.70589636
1519523105.54820395,-1.69086326,-0.89494883,1.66453991
1519523105.58170295,-1.69462641,-0.86887777,1.62091598
1519523105.61486006,-1.69769611,-0.84268982,1.57658425
1519523105.64815688,-1.69960223,-0.81639157,1.53313573
1519523105.68153191,-1.69999823,-0.79057185,1.48919967
1519523105.71474791,-1.69920010,-0.76402953,1.44674469
1519523105.74816489,-1.69820086,-0.74007409,1.40163345
1519523105.78138900,-1.69549909,-0.71253896,1.35743119
1519523105.81471705,-1.69195761,-0.68791724,1.31348785
1519523105.84810805,-1.68724307,-0.66311430,1.26993274
1519523105.88135195,-1.68156683,-0.63850485,1.22403936
1519523105.91461492,-1.67476756,-0.61418173,1.17954487
1519523105.94807911,-1.66641067,-0.58901557,1.13621546
1519523105.98132610,-1.65921528,-0.56625107,1.09048087
1519523106.01460195,-1.65098665,-0.54383934,1.04409865
1519523106.04796004,-1.64113530,-0.52217774,1.00314371
1519523106.08124804,-1.63009389,-0.50044928,0.95766276
1519523106.11454105,-1.61879978,-0.47683856,0.91088786
1519523106.14789200,-1.60736540,-0.45500780,0.86624236
1519523106.18124199,-1.59355459,-0.43287391,0.83113976
1519523106.21455503,-1.57895324,-0.41808634,0.78611110
1519523106.24801993,-1.56385973,-0.39757429,0.74161315
1519523106.28117990,-1.54609186,-0.37969365,0.69462222
1519523106.31475997,-1.52750369,-0.36266737,0.64855669
1519523106.34768200,-1.50656517,-0.34531303,0.60513322
1519523106.38106108,-1.48845795,-0.32975086,0.55850587
1519523106.41433907,-1.46964506,-0.31504959,0.51196660
1519523106.44776106,-1.45100462,-0.29975172,0.46741063
1519523106.48098898,-1.43264298,-0.28577458,0.42087852
1519523106.51424789,-1.41365106,-0.27266667,0.37209511
1519523106.54759002,-1.39444005,-0.25948193,0.32761098
1519523106.58086896,-1.37061515,-0.24756431,0.28017593
1519523106.61418891,-1.34625194,-0.23678980,0.23286920
1519523106.64750004,-1.32131361,-0.22715744,0.18815664
1519523106.68078995,-1.29770069,-0.21798832,0.14240748
1519523106.71444106,-1.27213228,-0.20968491,0.09539970
1519523106.74743795,-1.24728380,-0.20159947,0.05143679
1519523106.78077102,-1.21987640,-0.19773543,0.00503632
1519523106.81407595,-1.19231926,-0.19514681,-0.03955737
1519523106.84738207,-1.16084900,-0.19468733,-0.08409139
1519523106.88084292,-1.12789543,-0.19745386,-0.12153054
1519523106.91461706,-1.09497857,-0.20146290,-0.16452192
1519523106.94736910,-1.06226443,-0.20688295,-0.20607676
1519523106.98059893,-1.02694684,-0.21168499,-0.24554188
1519523107.01392198,-0.99181882,-0.21776742,-0.27877810
1519523107.04728103,-0.95691231,-0.22501380,-0.30588327
1519523107.08061194,-0.92334011,-0.23587685,-0.31937616
1519523107.11384892,-0.88718909,-0.25143490,-0.32732124
1519523107.14721704,-0.85116282,-0.26727967,-0.32734381
1519523107.18052101,-0.81513690,-0.28312526,-0.32706848
1519523107.21385503,-0.77626272,-0.29655081,-0.32377485
1519523107.24722600,-0.74047344,-0.30879823,-0.32189730
1519523107.28045607,-0.70180715,-0.32285256,-0.31625767
1519523107.31374097,-0.66606660,-0.33570543,-0.30090329
1519523107.34711504,-0.63062468,-0.34959265,-0.28553702
1519523107.38046598,-0.59483724,-0.36246930,-0.26184812
1519523107.41379309,-0.55662737,-0.37506483,-0.23523343
1519523107.44696593,-0.51652545,-0.38642586,-0.20620050
1519523107.48029900,-0.47755679,-0.39631549,-0.17480142
1519523107.51365089,-0.43387918,-0.40718751,-0.14205723
1519523107.54697299,-0.38900028,-0.41674802,-0.10699876
1519523107.58023405,-0.34351755,-0.42367170,-0.07243718
1519523107.61355209,-0.29800389,-0.42900645,-0.03535664
1519523107.64685392,-0.25137365,-0.43304724,0.00111560
1519523107.68018103,-0.20471575,-0.43538512,0.03809587
1519523107.71596789,-0.15799363,-0.43625043,0.07469481
1519523107.74682307,-0.11153797,-0.43552668,0.11415300
1519523107.78019905,-0.06534034,-0.43299308,0.15205159
1519523107.81341410,-0.01918749,-0.42926155,0.18735116
1519523107.84682703,0.02691751,-0.42388216,0.22066797
1519523107.88009501,0.07340572,-0.41683808,0.25015853
1519523107.91339588,0.11923286,-0.40916521,0.27533427
1519523107.94667292,0.16254818,-0.40003204,0.29596959
1519523107.98001289,0.20566583,-0.39000704,0.30799229
1519523108.01357698,0.25250062,-0.37408661,0.31484562
1519523108.04665399,0.29922521,-0.35784557,0.31882799
1519523108.07992101,0.34362895,-0.34233202,0.32179922
1519523108.11328101,0.38758754,-0.32765314,0.32395917
1519523108.14658809,0.43216281,-0.31266158,0.32587592
1519523108.17987895,0.47750773,-0.29805743,0.32847872
1519523108.21327806,0.52257807,-0.28264163,0.33029021
1519523108.24647093,0.56802477,-0.26705883,0.33030561
1519523108.27986598,0.61347122,-0.25147533,0.33080941
1519523108.31332207,0.65927270,-0.23692557,0.33197055
1519523108.34653807,0.70646455,-0.22213591,0.33314369
1519523108.37977600,0.75035749,-0.20812791,0.33339142
1519523108.41360903,0.79383648,-0.19292378,0.33241382
1519523108.44638991,0.83733032,-0.17776216,0.33243792
1519523108.48010302,0.88035609,-0.16168324,0.33390275
1519523108.51297808,0.92280584,-0.14724925,0.33429806
1519523108.54636002,0.96524989,-0.13279848,0.33540989
1519523108.57965994,1.01393758,-0.11780492,0.33591728
1519523108.61287808,1.06261766,-0.10278666,0.33658956
1519523108.64625692,1.10777535,-0.08707145,0.33634382
1519523108.67965293,1.15115441,-0.07153742,0.33586865
1519523108.71283388,1.19459756,-0.05645725,0.33637781
1519523108.74619794,1.23847979,-0.04263263,0.33574820
1519523108.77949309,1.28494429,-0.02793756,0.33634427
1519523108.81279302,1.33212799,-0.01239383,0.33580301
1519523108.84612608,1.37841548,0.00280863,0.33595188
1519523108.87941790,1.42208934,0.01710612,0.33631242
1519523108.91276193,1.46578172,0.03135162,0.33696088
1519523108.94607210,1.51261165,0.04932229,0.33811986
1519523108.97933507,1.56023294,0.06503731,0.33781785
1519523109.01266003,1.60461888,0.08066181,0.34039697
1519523109.04597092,1.64962893,0.09452444,0.34015470
1519523109.07929301,1.69397824,0.11025262,0.34042336
1519523109.11259294,1.73629797,0.12465003,0.33973460
1519523109.14595103,1.77801107,0.14076267,0.34021973
1519523109.17920208,1.82092051,0.15535918,0.34021524
1519523109.21254492,1.86855415,0.16720691,0.34048995
1519523109.24587488,1.91618454,0.17906772,0.34213797
1519523109.27941990,1.96210609,0.19575009,0.34220123
1519523109.31249189,2.00609122,0.21174595,0.34223747
1519523109.34595895,2.05007577,0.22774341,0.34359418
1519523109.37916589,2.09270754,0.24752072,0.34355699
1519523109.41248894,2.13633586,0.26765269,0.34251726
1519523109.44577098,2.18259396,0.28277308,0.34416304
1519523109.47914004,2.22808402,0.29770323,0.34373299
1519523109.51237702,2.27049578,0.31278544,0.34389775
1519523109.54574990,2.31282488,0.32809853,0.34271350
1519523109.57899499,2.35517208,0.34336148,0.34332803
1519523109.61227703,2.40134768,0.35952361,0.34373373
1519523109.64564204,2.44360692,0.37430498,0.34509817
1519523109.67898202,2.48991862,0.39068588,0.34393527
1519523109.71256089,2.53498611,0.40656045,0.34492899
1519523109.74553490,2.58146921,0.42299410,0.34599458
1519523109.77881789,2.62612992,0.43999888,0.34644636
1519523109.81215692,2.67203006,0.45747405,0.34679503
1519523109.84546399,2.71411810,0.47322917,0.34793655
1519523109.87876606,2.75776133,0.48960290,0.34738203
1519523109.91212010,2.80137300,0.50606462,0.34756110
1519523109.94569802,2.84496134,0.52259042,0.34650092
1519523109.97869205,2.88823873,0.53895140,0.34641455
1519523110.01199102,2.93116506,0.55518142,0.34651463
1519523110.04553390,2.97421537,0.57106789,0.34473634
1519523110.07866907,3.02076504,0.58812420,0.34326308
1519523110.11202908,3.06733979,0.60511191,0.34318770
1519523110.14530802,3.11618792,0.61943585,0.34143177
1519523110.17852402,3.16240923,0.63720207,0.34044705
1519523110.21198511,3.20918514,0.65340649,0.33895226
1519523110.24540710,3.25598522,0.66954097,0.33808917
1519523110.27851391,3.29884878,0.68422142,0.33680197
1519523110.31193805,3.34581266,0.70027577,0.33330319
1519523110.34511495,3.38874599,0.71475091,0.33000993
1519523110.37848091,3.43719043,0.73100252,0.33048249
1519523110.41196394,3.47460715,0.74349645,0.32818083
1519523110.44520593,3.51855200,0.75839395,0.32592825
1519523110.47838306,3.56253029,0.77319244,0.32275967
1519523110.51170897,3.60655525,0.78785149,0.31980447
1519523110.54503298,3.65189184,0.80139666,0.31664175
1519523110.57833099,3.69661447,0.81680217,0.31403878
1519523110.61186099,3.74222528,0.83255725,0.31147674
1519523110.64494109,3.78841980,0.84837041,0.30954477
1519523110.67825794,3.83516720,0.86459003,0.30823113
1519523110.71183801,3.88217341,0.88000211,0.30467890
1519523110.74492311,3.93116552,0.89899868,0.30049000
1519523110.77828598,3.97458798,0.91289939,0.29846478
1519523110.81189895,4.01779155,0.92655862,0.29904487
1519523110.84483099,4.06098719,0.94024290,0.29677228
1519523110.87813306,4.10421382,0.95382899,0.29337152
1519523110.91146708,4.14744039,0.96835606,0.29232288
1519523110.94474506,4.18998612,0.98130872,0.28889688
1519523110.97810602,4.23340147,0.99522428,0.28537720
1519523111.01148295,4.27680664,1.00810717,0.28168856
1519523111.04467106,4.32175160,1.01900146,0.28005602
1519523111.07805800,4.36892865,1.02918244,0.27889248
1519523111.11144710,4.41617055,1.03932371,0.27846811
1519523111.14463592,4.46324907,1.05003142,0.27471755
1519523111.17793798,4.51001706,1.06248764,0.27161910
1519523111.21145010,4.55714675,1.07437766,0.26959710
1519523111.24458098,4.60416920,1.08664711,0.26752737
1519523111.27790999,4.64921196,1.09873043,0.26470803
1519523111.31143188,4.69422356,1.11092666,0.26120729
1519523111.34461904,4.73927759,1.12296525,0.25688352
1519523111.37779498,4.78275308,1.13652373,0.25777641
1519523111.41171408,4.82666534,1.14841840,0.25439810
1519523111.44444203,4.87308774,1.16080699,0.25154758
1519523111.47781610,4.91954526,1.17306320,0.24960706
1519523111.51109600,4.96464744,1.18514495,0.24574779
1519523111.54435706,5.00803117,1.19660991,0.24327698
1519523111.57776189,5.05272548,1.20828592,0.24052006
1519523111.61104393,5.09792875,1.21789411,0.23859930
1519523111.64437199,5.14322620,1.22940658,0.23928228
1519523111.67765903,5.18870657,1.24016788,0.23666765
1519523111.71187711,5.23421492,1.25081023,0.23469641
1519523111.74423099,5.27877293,1.26113063,0.23235013
1519523111.77757692,5.32347393,1.27084396,0.22862656
1519523111.81088090,5.36774940,1.28237359,0.22723776
1519523111.84431601,5.41522326,1.29511754,0.22429127
1519523111.87781811,5.46273446,1.30772155,0.22169132
1519523111.91086006,5.50789221,1.31732127,0.22531574
1519523111.94435310,5.55236421,1.32597365,0.22472305
1519523111.97746110,5.59663242,1.33551359,0.22489167
1519523112.01075006,5.63995022,1.34556812,0.22362318
1519523112.04421997,5.68328075,1.35556769,0.22146923
1519523112.07746100,5.73016228,1.36511524,0.22352171
1519523112.11068201,5.78112728,1.37485721,0.22452892
1519523112.14397502,5.83022160,1.38361937,0.24353811
1519523112.17734909,5.87914049,1.39331314,0.25572975
1519523112.21074009,5.92134207,1.40493784,0.26880530
1519523112.24396801,5.96329570,1.41708789,0.28585326
1519523112.27724504,6.00488572,1.43046306,0.30658985
1519523112.31055188,6.04671385,1.44357619,0.33062696
1519523112.34384704,6.08805251,1.45863063,0.35855717
1519523112.37714911,6.12881262,1.47478043,0.39150830
1519523112.41049099,6.16877023,1.49216181,0.34397125
1519523112.44378710,6.20998218,1.50480473,0.38246395
1519523112.47716904,6.25173306,1.51639917,0.42430308
1519523112.51060796,6.28801520,1.52568716,0.47026160
1519523112.54373789,6.32251802,1.53596418,0.51787264
1519523112.57711101,6.35593259,1.54885464,0.56562682
1519523112.61045790,6.38809525,1.56426823,0.61585393
1519523112.64366007,6.41993854,1.58210581,0.66394301
1519523112.67699504,6.44882084,1.59983642,0.71316870
1519523112.71104002,6.47890028,1.61704469,0.76498455
1519523112.74368811,6.50695130,1.63256958,0.82031397
1519523112.77699399,6.53608225,1.65174680,0.87556311
1519523112.81027794,6.56219194,1.67355215,0.92651621
1519523112.84373307,6.58626271,1.69733094,0.97710817
1519523112.87699199,6.60782183,1.71956206,1.02439485
1519523112.91020703,6.62473055,1.74496188,1.07427931
1519523112.94347095,6.64371741,1.76860069,1.12124906
1519523112.97681594,6.66438517,1.79229169,1.17252557
1519523113.01016498,6.68381150,1.81701086,1.22181417
1519523113.04341102,6.70199635,1.84265711,1.26872197
1519523113.07676411,6.71441178,1.87154114,1.31746064
1519523113.11050200,6.72697046,1.90067784,1.36365555
1519523113.14365101,6.73817026,1.93036340,1.41168692
1519523113.17671704,6.74793185,1.96055246,1.45906624
1519523113.21006989,6.75432552,1.99132975,1.50561046
1519523113.24336290,6.75928590,2.02262014,1.55254067
1519523113.27658510,6.76277896,2.05385985,1.59528663
1519523113.30995011,6.76564213,2.08417248,1.64742411
1519523113.34325504,6.76701787,2.11334047,1.69428761
1519523113.37652898,6.76647387,2.14247238,1.73901499
1519523113.40992093,6.76462785,2.17155084,1.78373666
1519523113.44321799,6.76179596,2.20009403,1.82979439
1519523113.47643900,6.76008392,2.22790816,1.87450892
1519523113.50982499,6.75713031,2.25561795,1.92124811
1519523113.54310298,6.75034510,2.28391139,1.96675664
1519523113.57640409,6.74227976,2.31186685,2.00988747
1519523113.60973406,6.73120672,2.33940191,2.05663068
1519523113.64305711,6.72153551,2.36600271,2.10181468
1519523113.67631602,6.70976086,2.39277439,2.14740044
1519523113.70968199,6.69677845,2.41898169,2.19285104
1519523113.74298811,6.68138927,2.44597266,2.23621345
1519523113.77629304,6.66484453,2.47227115,2.28219113
1519523113.80982399,6.64723446,2.49763536,2.32727579
1519523113.84294701,6.62880303,2.52246693,2.37215131
1519523113.87621689,6.60949278,2.54667026,2.41730202
1519523113.90969110,6.58880531,2.57044931,2.46454959
1519523113.94287395,6.56773265,2.59306779,2.51002272
1519523113.97620797,6.54541602,2.61487877,2.55553334
1519523114.00977492,6.52134063,2.63446252,2.59957164
1519523114.04276109,6.49574449,2.65278871,2.64417211
1519523114.07619095,6.46874657,2.66883171,2.68894323
1519523114.10951400,6.44390098,2.68118277,2.73171054
1519523114.14269900,6.41994009,2.69185632,2.77294660
1519523114.17606211,6.39523793,2.70070042,2.81766854
1519523114.21057200,6.36656256,2.71284238,2.86058683
1519523114.24266195,6.33737763,2.72369085,2.90696229
1519523114.27602792,6.30775395,2.73331185,2.95116818
1519523114.30953598,6.27821745,2.74138290,2.99592849
1519523114.34264708,6.24834939,2.74812425,3.04064299
1519523114.37589788,6.21880202,2.75089561,3.08322040
1519523114.40946603,6.18916347,2.75240678,3.12621638
1519523114.44254303,6.15775787,2.75467247,-3.11144537
1519523114.47586894,6.12624790,2.75662758,-3.06694077
1519523114.50916195,6.09538261,2.75610666,-3.02117061
1519523114.54257107,6.06563131,2.75506435,-2.97572168
1519523114.57578802,6.03595810,2.75267142,-2.92929094
1519523114.60910392,6.00612532,2.75030769,-2.88384822
1519523114.64240599,5.97641193,2.74658624,-2.83740864
1519523114.67573690,5.94646692,2.74014252,-2.79161242
1519523114.70900893,5.91680194,2.73231774,-2.74533230
1519523114.74228001,5.88753073,2.72312894,-2.69937979
1519523114.77571607,5.85868476,2.71269613,-2.65496716
1519523114.80892301,5.83066147,2.70116806,-2.60885689
1519523114.84227204,5.80224596,2.69006704,-2.56390274
1519523114.87559700,5.77435804,2.67770027,-2.51879811
1519523114.90895510,5.74396226,2.65594954,-2.47628647
1519523114.94219398,5.71359811,2.63220464,-2.43236812
1519523114.97551394,5.68096381,2.60428153,-2.39264301
1519523115.00887704,5.64886087,2.57573339,-2.35916338
1519523115.04213500,5.61861605,2.54289311,-2.32716614
1519523115.07551599,5.58751942,2.51091173,-2.30264585
1519523115.10873294,5.55897868,2.47619358,-2.28363854
1519523115.14206004,5.53022416,2.44082208,-2.26823269
1519523115.17534590,5.50182873,2.40478599,-2.25518681
1519523115.20873308,5.47358362,2.36864545,-2.24640957
1519523115.24201012,5.44523491,2.33173197,-2.24305303
1519523115.27534795,5.41747609,2.29425150,-2.24328036
1519523115.30863309,5.39000477,2.25664291,-2.24383491
1519523115.34202695,5.36384420,2.21983009,-2.24595542
1519523115.37536311,5.33760563,2.18307283,-2.25663360
1519523115.40858603,5.31110037,2.14649610,-2.27130508
1519523115.44198298,5.28167592,2.11009049,-2.29281053
1519523115.47525501,5.25449248,2.07553070,-2.31640570
1519523115.50846410,5.22204130,2.03895608,-2.34376892
1519523115.54188704,5.19313280,2.00582578,-2.37816853
1519523115.57513809,5.15077689,1.96918582,-2.41689779
1519523115.60846996,5.11885646,1.93755906,-2.45753119
1519523115.64174891,5.08651168,1.90623222,-2.50003242
1519523115.67506194,5.05991057,1.87149175,-2.54725193
1519523115.70907211,5.03610816,1.84102539,-2.59520810
1519523115.74201393,5.01101764,1.81182329,-2.64074840
1519523115.77498007,4.98362536,1.78561749,-2.69106670
1519523115.80834508,4.93958823,1.76487237,-2.73302994
1519523115.84172893,4.89471958,1.74599292,-2.77017705
1519523115.87500906,4.85627093,1.72833517,-2.80230344
1519523115.90826011,4.81727494,1.71192154,-2.83303400
1519523115.94175601,4.77592063,1.69855142,-2.85616489
1519523115.97484207,4.73127503,1.68631308,-2.87366127
1519523116.00821805,4.68759021,1.67413356,-2.88219712
1519523116.04154301,4.64287499,1.66218039,-2.88344414
1519523116.07477403,4.59691360,1.64995789,-2.88536365
1519523116.10810709,4.55092883,1.63782362,-2.88528825
1519523116.14149308,4.50254694,1.62530591,-2.88592526
1519523116.17477107,4.45366933,1.61468506,-2.88546697
1519523116.20816302,4.40477109,1.60413914,-2.88394381
1519523116.24138594,4.35511182,1.59331397,-2.87971328
1519523116.27466798,4.30896864,1.57647849,-2.87226012
1519523116.30803299,4.26196132,1.55902603,-2.85953322
1519523116.34142709,4.21479450,1.54230669,-2.84531763
1519523116.37467909,4.15883130,1.53430818,-2.82820149
1519523116.40818095,4.10301319,1.52535301,-2.81131137
1519523116.44122291,4.05690236,1.50341412,-2.79987989
1519523116.47457695,4.01328469,1.48174601,-2.79310721
1519523116.50798512,3.96722612,1.46414279,-2.78078197
1519523116.54129195,3.92091938,1.44745577,-2.76875875
1519523116.57450104,3.87527945,1.42902986,-2.75797872
1519523116.60778499,3.83304549,1.41277672,-2.75262202
1519523116.64117503,3.79138108,1.39512183,-2.75246877
1519523116.67442012,3.75026512,1.37752617,-2.75209042
1519523116.70772910,3.70307266,1.35741798,-2.75105147
1519523116.74113703,3.65527605,1.33877910,-2.75252958
1519523116.77438211,3.60388796,1.32283661,-2.75650181
1519523116.80766201,3.55243696,1.30709836,-2.75970694
1519523116.84098291,3.50391200,1.29354028,-2.76554095
1519523116.87436604,3.46136529,1.27139134,-2.77366944
1519523116.90766907,3.41663173,1.25479870,-2.78313694
1519523116.94095612,3.37315526,1.23756030,-2.79196259
1519523116.97425199,3.33116972,1.22130473,-2.80146719
1519523117.00761390,3.28950334,1.20411581,-2.81344964
1519523117.04086804,3.24767910,1.18744273,-2.82453159
1519523117.07415605,3.20014307,1.16941974,-2.83416956
1519523117.10750389,3.15497920,1.15389101,-2.84549420
1519523117.14080906,3.10964238,1.13887474,-2.85448332
1519523117.17417312,3.06417240,1.12426660,-2.85791437
1519523117.20812988,3.02102071,1.11276193,-2.86156228
1519523117.24073195,2.97596452,1.09780394,-2.86269718
1519523117.27408910,2.93368756,1.08563113,-2.86602727
1519523117.30739689,2.88844185,1.07131013,-2.86745566
1519523117.34064889,2.84610745,1.05933863,-2.86875309
1519523117.37397003,2.80024807,1.04498017,-2.87019269
1519523117.40729904,2.75431319,1.03284347,-2.87159242
1519523117.44062400,2.70839160,1.02066182,-2.87266907
1519523117.47392011,2.66245692,1.00852963,-2.87576716
1519523117.50729489,2.61406576,0.99461777,-2.87527994
1519523117.54052806,2.56578288,0.98031027,-2.87412093
1519523117.57386899,2.51741469,0.96631877,-2.87386700
1519523117.60714507,2.47108626,0.95016410,-2.87288962
1519523117.64048100,2.42133555,0.93772119,-2.87394288
1519523117.67377305,2.37401424,0.92566072,-2.87317879
1519523117.70708799,2.32538381,0.91320148,-2.87256184
1519523117.74051690,2.27718249,0.89918380,-2.87568449
1519523117.77368999,2.22893764,0.88531671,-2.87680906
1519523117.80741191,2.17994095,0.87055103,-2.87574757
1519523117.84039092,2.12413113,0.85709318,-2.87692490
1519523117.87369895,2.06875674,0.84203610,-2.87638586
1519523117.90695500,2.01491634,0.82736361,-2.87669030
1519523117.94032907,1.96610596,0.81378311,-2.87625730
1519523117.97364306,1.91234088,0.79883347,-2.87621070
1519523118.00744700,1.86353702,0.78522956,-2.87467196
1519523118.04052711,1.80963303,0.76991201,-2.87410671
1519523118.07364607,1.76103209,0.75601494,-2.87452097
1519523118.10681009,1.71054144,0.74214911,-2.87535067
1519523118.14019299,1.66003930,0.72832519,-2.87559087
1519523118.17368007,1.60972512,0.71381136,-2.87645100
1519523118.20677090,1.55827640,0.69882681,-2.87643204
1519523118.24008203,1.50841151,0.68448063,-2.87592679
1519523118.27370310,1.45690266,0.66971899,-2.87533259
1519523118.30667806,1.40214926,0.65424628,-2.87461258
1519523118.33999991,1.34745966,0.63854168,-2.87535511
1519523118.37333989,1.29801041,0.62451680,-2.87619825
1519523118.40662599,1.24842576,0.61098831,-2.87503392
1519523118.43995094,1.19881622,0.59819420,-2.87491628
1519523118.47334909,1.14587631,0.58450497,-2.87504962
1519523118.50656891,1.09304502,0.57118501,-2.87489576
1519523118.53991699,1.04021578,0.55785693,-2.87471736
1519523118.57340193,0.99078214,0.54536191,-2.87391184
1519523118.60658312,0.94135857,0.53282707,-2.87360143
1519523118.63982391,0.89193891,0.52027689,-2.87307177
1519523118.67340493,0.84081018,0.50721668,-2.87249402
1519523118.70655799,0.79003252,0.49288139,-2.87135218
1519523118.73982096,0.73902630,0.47842026,-2.86983830
1519523118.77317309,0.68804203,0.46388194,-2.86904924
1519523118.80638599,0.63702770,0.45251071,-2.86779594
1519523118.83971596,0.58667686,0.44125788,-2.86658123
1519523118.87309194,0.53672892,0.42856460,-2.86621302
1519523118.90638804,0.48412283,0.41510052,-2.86647382
1519523118.93962789,0.43165774,0.40113824,-2.86258920
1519523118.97292995,0.38005523,0.38692626,-2.86573584
1519523119.00625610,0.32978976,0.37218938,-2.86489214
1519523119.03962803,0.27925327,0.35840827,-2.86292039
1519523119.07292199,0.23637881,0.34672862,-2.86430472
1519523119.10624003,0.19425012,0.33532518,-2.86804729
1519523119.13954902,0.15257570,0.32230939,-2.87221388
1519523119.17284703,0.10964490,0.30865203,-2.87783284
1519523119.20619297,0.06385575,0.29496733,-2.88447300
1519523119.23949695,0.01573472,0.28201817,-2.89238991
1519523119.27274895,-0.03049225,0.26995812,-2.90008097
1519523119.30619502,-0.07601450,0.25477738,-2.90903523
1519523119.33939099,-0.11761359,0.24096580,-2.92128259
1519523119.37267089,-0.16236663,0.22192729,-2.92437323
1519523119.40603304,-0.20189661,0.19772334,-2.93788838
1519523119.43934894,-0.24776949,0.17281240,-2.94980798
1519523119.47266102,-0.29191360,0.17028047,-2.95089288
1519523119.50591612,-0.33613466,0.16829717,-2.95366610
1519523119.53927994,-0.37999813,0.16599073,-2.95567177
1519523119.57255697,-0.42331741,0.16085489,-2.95730342
1519523119.60603094,-0.46692510,0.15386697,-2.95930050
1519523119.63913107,-0.51040499,0.14594497,-2.96049475
1519523119.67253208,-0.55530615,0.13794665,-2.96227488
1519523119.70592594,-0.60022148,0.13002827,-2.96330548
1519523119.73920703,-0.64592870,0.12201495,-2.96322226
1519523119.77261901,-0.69149098,0.11319762,-2.96493215
1519523119.80598307,-0.73706828,0.10445822,-2.96519585
1519523119.83913112,-0.78405993,0.09659496,-2.96436982
1519523119.87233496,-0.83108115,0.08889435,-2.96370649
1519523119.90589905,-0.87809726,0.08116256,-2.96301048
1519523119.93905902,-0.92135077,0.07407623,-2.96131759
1519523119.97230506,-0.96736103,0.06578298,-2.95686622
1519523120.00568295,-1.01333391,0.05728500,-2.93957806
1519523120.03899193,-1.05975170,0.05091666,-2.90769810
1519523120.07227302,-1.09880550,0.04477254,-2.87674972
1519523120.10563707,-1.13754053,0.03701751,-2.83601064
1519523120.13892007,-1.17999609,0.02582822,-2.79314890
1519523120.17220402,-1.22267439,0.01314893,-2.75194413
1519523120.20599604,-1.26463585,-0.00181022,-2.70625226
1519523120.23883700,-1.30665009,-0.01699363,-2.66340351
1519523120.27221799,-1.34558953,-0.03670989,-2.61750385
1519523120.30537796,-1.38380181,-0.05781403,-2.57404968
1519523120.33875704,-1.42082652,-0.08092639,-2.53136621
1519523120.37215090,-1.45689808,-0.10511146,-2.48671705
1519523120.40540409,-1.49111551,-0.13184440,-2.43863978
1519523120.43881106,-1.52750481,-0.15798040,-2.39272581
1519523120.47201896,-1.56210818,-0.18634862,-2.34240323
1519523120.50538802,-1.59524078,-0.21642152,-2.29347027
1519523120.53859806,-1.62691945,-0.24887790,-2.24691815
1519523120.57195711,-1.65777726,-0.28367549,-2.19748155
1519523120.60519791,-1.70140101,-0.32204674,-2.14286617
1519523120.63859701,-1.74286510,-0.36274211,-2.08537748
1519523120.67194700,-1.76553085,-0.40006607,-2.04780166
1519523120.70526600,-1.78653394,-0.43774206,-2.00040324
1519523120.73847389,-1.80964259,-0.47491829,-1.94591780
1519523120.77186608,-1.83069240,-0.51329782,-1.89779532
1519523120.80517197,-1.85038347,-0.55415458,-1.85078249
1519523120.83846903,-1.86813755,-0.59778727,-1.79619876
1519523120.87187099,-1.88327674,-0.64050075,-1.74851844
1519523120.90506196,-1.89650766,-0.68585086,-1.69745828
1519523120.93844891,-1.90741808,-0.73102038,-1.64986676
1519523120.97173810,-1.91478869,-0.77676705,-1.59847678
1519523121.00510311,-1.91979967,-0.82283192,-1.54973534
1519523121.03829908,-1.92256780,-0.86873191,-1.49790402
1519523121.07169008,-1.92649747,-0.91247861,-1.44604739
1519523121.10498905,-1.92815431,-0.95637019,-1.39633894
1519523121.13828397,-1.92180074,-1.00260135,-1.35292765
1519523121.17184997,-1.91285868,-1.05116994,-1.32335732
1519523121.20492291,-1.90248455,-1.09945292,-1.30814993
1519523121.23824406,-1.88948642,-1.14706416,-1.30584457
1519523121.27153611,-1.87677610,-1.19318018,-1.30899270
1519523121.30499411,-1.86435072,-1.23937341,-1.30985137
1519523121.33839607,-1.85120723,-1.28841502,-1.30871950
1519523121.37168288,-1.83979920,-1.33792215,-1.30931669
1519523121.40471292,-1.82739357,-1.37955323,-1.31048782
1519523121.43804908,-1.81645889,-1.42157762,-1.31283260
1519523121.47179794,-1.80566088,-1.46348315,-1.31271435
1519523121.50463390,-1.79599042,-1.50351141,-1.31447400
1519523121.53798509,-1.78663590,-1.54261996,-1.31846424
1519523121.57158899,-1.77694952,-1.57966933,-1.32444461
1519523121.60470200,-1.76779668,-1.61553595,-1.32487737
1519523121.63789797,-1.75866902,-1.64977407,-1.31904675
1519523121.67149997,-1.75224464,-1.67621306,-1.30724377
1519523121.70456004,-1.74487596,-1.70240367,-1.28857874
1519523121.73803496,-1.73842907,-1.72838981,-1.26217896
1519523121.77114797,-1.73056493,-1.75552353,-1.23162725
1519523121.80446100,-1.72264934,-1.78110057,-1.19836632
1519523121.83779192,-1.71275801,-1.80847852,-1.16572343
1519523121.87116599,-1.70345120,-1.83475864,-1.13087957
1519523121.90616012,-1.69323453,-1.86069859,-1.09488599
1519523121.93802094,-1.68366698,-1.88706638,-1.05715640
1519523121.97122192,-1.67286478,-1.91349207,-1.01984316
1519523122.00445700,-1.65804014,-1.94208539,-0.98373981
1519523122.03775501,-1.64137846,-1.97008283,-0.94798973
1519523122.07096004,-1.62267334,-1.99977436,-0.91070104
1519523122.10433888,-1.60272867,-2.02893556,-0.87125369
1519523122.13763499,-1.58109168,-2.05795037,-0.83208407
1519523122.17092705,-1.55829123,-2.08609810,-0.79311803
1519523122.20418191,-1.53441156,-2.11333623,-0.75135074
1519523122.23759103,-1.50937185,-2.13950691,-0.71037412
1519523122.27086496,-1.48192132,-2.16579950,-0.66838813
1519523122.30410600,-1.45339139,-2.19091671,-0.62503003
1519523122.33755398,-1.42433133,-2.21488779,-0.58032656
1519523122.37085009,-1.39422908,-2.23753627,-0.53617340
1519523122.40415192,-1.36218988,-2.25720740,-0.49461562
1519523122.43740106,-1.32857496,-2.27595443,-0.56863004
1519523122.47074103,-1.29624731,-2.29724592,-0.52414035
1519523122.50404096,-1.26189971,-2.31771733,-0.48034576
1519523122.53737903,-1.22668880,-2.33666535,-0.43388773
1519523122.57068300,-1.19270554,-2.35574629,-0.38757214
1519523122.60397696,-1.15821869,-2.37319929,-0.34060296
1519523122.63731599,-1.12349109,-2.38882220,-0.29034239
1519523122.67058301,-1.08965899,-2.40713813,-0.24281662
1519523122.70391607,-1.05598266,-2.42162095,-0.19101739
1519523122.73726201,-1.02160163,-2.43434071,-0.13770340
1519523122.77058291,-0.98660819,-2.44410655,-0.08762299
1519523122.80384302,-0.95116873,-2.45171899,-0.03804665
1519523122.83715105,-0.91539421,-2.45753050,0.01121720
1519523122.87053704,-0.87436729,-2.46155246,0.05810391
1519523122.90377903,-0.83277941,-2.46031611,0.10341888
1519523122.93713403,-0.79168296,-2.45932463,0.14583404
1519523122.97060704,-0.75484630,-2.45193620,0.18610510
1519523123.00373101,-0.71737232,-2.44819407,0.22415093
1519523123.03703499,-0.67915620,-2.43576387,0.25326819
1519523123.07055593,-0.64060373,-2.42193764,0.27049933
1519523123.10366392,-0.60229521,-2.40744920,0.28163773
1519523123.13697410,-0.55628378,-2.39364772,0.28798967
1519523123.17029810,-0.51006957,-2.38053785,0.28997824
1519523123.20354104,-0.46388153,-2.36733611,0.29182203
1519523123.23689604,-0.41548353,-2.35386180,0.29380007
1519523123.27030706,-0.36401757,-2.34150098,0.29419584
1519523123.30360198,-0.31565169,-2.32791182,0.29685979
1519523123.33681798,-0.27483886,-2.31494700,0.29716534
1519523123.37017298,-0.23501491,-2.30227133,0.29779431
1519523123.40392089,-0.19895217,-2.29072255,0.29636246
1519523123.43671799,-0.16271566,-2.28034400,0.29507564
1519523123.47017002,-0.12671800,-2.26918245,0.29558226
1519523123.50341797,-0.09051068,-2.25854545,0.29198537
1519523123.53673005,-0.05198210,-2.24705030,0.28805403
1519523123.57017207,-0.01204183,-2.23540198,0.28827334
1519523123.60373402,0.02789588,-2.22374490,0.28848917
1519523123.63682008,0.06790072,-2.21231389,0.28517865
1519523123.67003989,0.10875350,-2.20340030,0.28244440
1519523123.70332193,0.15047894,-2.19177651,0.28194860
1519523123.73654604,0.19221014,-2.18017341,0.27971521
1519523123.77000403,0.23396714,-2.16866354,0.27619755
1519523123.80350995,0.27231671,-2.15516542,0.27433414
1519523123.83649898,0.31553174,-2.14539643,0.27078481
1519523123.86995602,0.35954987,-2.13854998,0.26958087
1519523123.90330911,0.40357622,-2.13175653,0.26984696
1519523123.93649006,0.44250586,-2.11583279,0.26618318
1519523123.96988702,0.47781140,-2.10105574,0.26336348
1519523124.00305200,0.51442768,-2.09108561,0.26073799
1519523124.03641701,0.55178592,-2.08119510,0.25528088
1519523124.07008290,0.58915502,-2.07134549,0.25022581
1519523124.10303497,0.62438597,-2.06241798,0.24315549
1519523124.13637304,0.65921788,-2.05417717,0.23735816
1519523124.16977310,0.69463449,-2.04600839,0.23071096
1519523124.20297790,0.72956626,-2.03820167,0.22338939
1519523124.23627090,0.76593949,-2.03071265,0.21725216
1519523124.26982498,0.80015795,-2.02393263,0.21031987
1519523124.30290103,0.83682150,-2.01577579,0.20333267
1519523124.33627701,0.87190939,-2.00821175,0.19647299
1519523124.36974001,0.90956782,-2.00038712,0.19208410
1519523124.40296602,0.94471000,-1.99307127,0.18858797
1519523124.43610501,0.98240088,-1.98539673,0.18610858
1519523124.46956301,1.01923584,-1.97978276,0.18569069
1519523124.50277400,1.05636538,-1.97412927,0.18457904
1519523124.53612709,1.09333656,-1.96763542,0.18199753
1519523124.56953096,1.13042532,-1.96121845,0.18362134
1519523124.60269094,1.16965784,-1.95222395,0.18427034
1519523124.63607001,1.21128610,-1.94502151,0.18356907
1519523124.66969705,1.25287215,-1.93759372,0.18175310
1519523124.70266104,1.29451842,-1.93049609,0.18239423
1519523124.73600006,1.33390199,-1.92352499,0.18348888
1519523124.76955009,1.37639970,-1.91796935,0.18345639
1519523124.80259800,1.41431546,-1.90937125,0.18390015
1519523124.83589292,1.45406398,-1.90285918,0.18290702
1519523124.86964798,1.49242158,-1.89664507,0.18353089
1519523124.90251994,1.53062569,-1.89043480,0.18366770
1519523124.93579412,1.56892287,-1.88483902,0.18373530
1519523124.96910405,1.60354732,-1.87891321,0.18396439
1519523125.00243807,1.64184283,-1.87330607,0.18449423
1519523125.03576493,1.68026203,-1.86664497,0.18380711
1519523125.06910610,1.72232839,-1.85800764,0.18475958
1519523125.10236406,1.76537738,-1.84914505,0.18484822
1519523125.13575912,1.81442693,-1.84074838,0.18659368
1519523125.16908312,1.86353288,-1.83264286,0.18822346
1519523125.20231700,1.91334902,-1.82482996,0.18846864
1519523125.23563194,1.95699007,-1.81818226,0.18866097
1519523125.26892495,2.00062985,-1.81152617,0.18907991
1519523125.30224609,2.04435136,-1.80529353,0.18890602
1519523125.33576703,2.08504410,-1.79818267,0.19054378
1519523125.36888695,2.12842699,-1.79182218,0.19223704
1519523125.40217495,2.17179904,-1.78538823,0.19510561
1519523125.43550205,2.21745097,-1.77843903,0.19809836
1519523125.46878004,2.26471629,-1.77102515,0.19884541
1519523125.50212407,2.31274871,-1.76085853,0.20023933
1519523125.53559899,2.36076692,-1.75062496,0.20093708
1519523125.56871700,2.40850994,-1.74141844,0.20298497
1519523125.60212302,2.45644863,-1.73315696,0.20393103
1519523125.63534403,2.50726901,-1.72425256,0.20479553
1519523125.66877103,2.55806989,-1.71524743,0.20582309
1519523125.70194411,2.60217283,-1.70703073,0.20592352
1519523125.73532391,2.64609591,-1.69795250,0.20599873
1519523125.76865911,2.69103476,-1.68865857,0.20567370
1519523125.80195999,2.73905918,-1.67873614,0.20641311
1519523125.83525205,2.78701372,-1.66928644,0.20706423
1519523125.86855602,2.83496209,-1.65980551,0.20753848
1519523125.90186596,2.87874990,-1.65094294,0.20736893
1519523125.93524194,2.92129118,-1.64235037,0.20761386
1519523125.96847200,2.96458295,-1.63339194,0.20755410
1519523126.00227308,3.00708294,-1.62460295,0.20796258
1519523126.03513408,3.05037158,-1.61562942,0.20796473
1519523126.06848001,3.09892083,-1.60662192,0.20821056
1519523126.10176206,3.14746788,-1.59760248,0.20870880
1519523126.13507605,3.19062259,-1.58926152,0.20792227
1519523126.16845393,3.23377596,-1.58091712,0.20932199
1519523126.20173192,3.28006630,-1.57184343,0.20836551
1519523126.23496795,3.32711079,-1.56265639,0.20905115
1519523126.26830411,3.37409298,-1.55317320,0.21061593
1519523126.30164599,3.42019949,-1.54380052,0.21085424
1519523126.33494711,3.46573811,-1.53433078,0.21046916
1519523126.36822605,3.51122948,-1.52453542,0.21095036
1519523126.40151000,3.55562342,-1.51495217,0.21260066
1519523126.43486595,3.60001992,-1.50538106,0.21238813
1519523126.46819997,3.64454039,-1.49638486,0.21239437
1519523126.50149608,3.68938172,-1.48672741,0.21196923
1519523126.53476501,3.73435183,-1.47766838,0.21131923
1519523126.56808496,3.77932782,-1.46863857,0.21228082
1519523126.60187888,3.82225068,-1.46000615,0.21174467
1519523126.63476801,3.86497862,-1.45046849,0.21126005
1519523126.66821003,3.90768970,-1.44095615,0.21101580
1519523126.70145297,3.95065494,-1.43262999,0.21226340
1519523126.73464799,3.99499833,-1.42395099,0.21212634
1519523126.76811004,4.03944090,-1.41441354,0.21182739
1519523126.80160403,4.08475722,-1.40281763,0.21147976
1519523126.83462095,4.13007757,-1.39123747,0.21142425
1519523126.86799693,4.17669472,-1.38197659,0.21276272
1519523126.90173101,4.22457797,-1.37237712,0.21388758
1519523126.93464088,4.27466452,-1.36224287,0.21264180
1519523126.96786094,4.32440318,-1.35050143,0.21315149
1519523127.00117707,4.37397726,-1.33957488,0.21218425
1519523127.03452110,4.42356189,-1.32869629,0.21259215
1519523127.06781411,4.47592588,-1.31719657,0.21302043
1519523127.10118508,4.52859195,-1.30709376,0.20932355
1519523127.13442993,4.57850059,-1.28237028,0.20870939
1519523127.16767097,4.62511236,-1.25613888,0.20486473
1519523127.20106196,4.67468493,-1.22949257,0.19459739
1519523127.23435807,4.72248230,-1.20536028,0.18904269
1519523127.26787400,4.77524464,-1.20674722,0.18937867
1519523127.30099893,4.81322295,-1.24991511,0.19020897
1519523127.33423805,4.85123709,-1.29305144,0.19597524
1519523127.36756897,4.87603538,-1.30230107,0.18881702
1519523127.40095091,4.91320108,-1.29646252,0.18823625
1519523127.43428612,4.95006344,-1.28967453,0.18188382
1519523127.46764588,4.98708580,-1.28309919,0.17631692
1519523127.50080991,5.02712859,-1.27619834,0.17056631
1519523127.53433800,5.06943169,-1.26994880,0.16440258
1519523127.56744504,5.10940140,-1.26260656,0.16139245
1519523127.60075307,5.15149229,-1.25510074,0.15914898
1519523127.63408995,5.19596289,-1.24731009,0.15775762
1519523127.66786504,5.24044429,-1.23958132,0.15569445
1519523127.70072198,5.28458068,-1.23337716,0.15313134
1519523127.73404408,5.32873282,-1.22728615,0.15250839
1519523127.76734495,5.37342890,-1.22473688,0.15377484
1519523127.80065107,5.41544596,-1.22254574,0.15738236
1519523127.83399200,5.45672783,-1.21562181,0.15803430
1519523127.86742091,5.49889141,-1.20810505,0.15784509
1519523127.90056491,5.54625849,-1.19976825,0.15573059
1519523127.93385911,5.58904516,-1.19225351,0.15517332
1519523127.96726394,5.63192068,-1.18530390,0.15406666
1519523128.00054789,5.67480387,-1.17840173,0.15538506
1519523128.03387499,5.71601405,-1.17255502,0.15596723
1519523128.06715488,5.76161251,-1.16599375,0.15623169
1519523128.10047102,5.80724470,-1.16053752,0.15499384
1519523128.13379502,5.85238625,-1.15195457,0.16089354
1519523128.16708589,5.89761324,-1.14394882,0.16069119
1519523128.20036697,5.94045568,-1.13633900,0.16147396
1519523128.23374796,5.98599741,-1.12939670,0.16142201
1519523128.26700091,6.03153950,-1.12245676,0.16166059
1519523128.30033898,6.07707994,-1.11550596,0.16088004
1519523128.33364606,6.11991409,-1.10693657,0.16108610
1519523128.36695600,6.15641690,-1.10092066,0.16221795
1519523128.40025592,6.19250949,-1.09492946,0.16560037
1519523128.43361211,6.22898477,-1.08874883,0.16818298
1519523128.46685600,6.26486385,-1.08478384,0.16967708
1519523128.50024509,6.30206760,-1.07949322,0.18653421
1519523128.56684995,6.33769987,-1.07398033,0.20965744
1519523128.60015392,6.36845630,-1.06852749,0.22554782
1519523128.63346601,6.39904887,-1.06226700,0.24111774
1519523128.70013309,6.43216314,-1.05488599,0.27807290
1519523128.73344398,6.46467926,-1.04522569,0.30596277
1519523128.76667905,6.49266926,-1.03965452,0.32943703
1519523128.79996490,6.51960063,-1.03116617,0.35583436
1519523128.83338404,6.54694169,-1.02330143,0.38124700
1519523128.86658907,6.57335971,-1.01344486,0.40852161
1519523128.90040302,6.60008391,-1.00422248,0.43561293
1519523128.93340397,6.62591836,-0.99406342,0.47354164
1519523128.96659803,6.65134901,-0.98293202,0.50126506
1519523128.99986601,6.67618805,-0.97124971,0.53410016
1519523129.03326106,6.70284392,-0.95591704,0.56881696
1519523129.06657290,6.72728321,-0.94017355,0.60384573
1519523129.10023689,6.75106454,-0.92345102,0.63659150
1519523129.13314104,6.77349418,-0.90654393,0.67193916
1519523129.16643095,6.79559415,-0.89236252,0.70887792
1519523129.19981503,6.81744906,-0.87799929,0.74622059
1519523129.23304105,6.83816985,-0.86246262,0.78357716
1519523129.26637197,6.85562723,-0.84746241,0.82263067
1519523129.29971099,6.87226629,-0.83158845,0.86068136
1519523129.33311510,6.88851636,-0.81528811,0.89766593
1519523129.36634588,6.90543795,-0.79950024,0.93664000
1519523129.39997005,6.92290146,-0.78321425,0.97636729
1519523129.43311596,6.93882964,-0.76634782,1.01420580
1519523129.46626091,6.95420391,-0.74873736,1.05382062
1519523129.49998689,6.96634658,-0.73099175,1.09134530
1519523129.53291011,6.97797991,-0.71103326,1.12870514
1519523129.56626892,6.98815528,-0.69214227,1.16627277
1519523129.59949088,6.99881471,-0.67358474,1.20531899
1519523129.63279009,7.00835125,-0.65564532,1.24411974
1519523129.66619706,7.01836101,-0.63774803,1.28226102
1519523129.69975400,7.02620538,-0.61848417,1.32093570
1519523129.73276997,7.03430369,-0.59884190,1.35934496
1519523129.76606202,7.04071164,-0.57870347,1.39762125
1519523129.79999304,7.04697864,-0.55754205,1.43366203
1519523129.83274794,7.05247905,-0.53616856,1.47348587
1519523129.86595607,7.05712416,-0.51459302,1.51469140
1519523129.89972091,7.05929949,-0.49128293,1.55222878
1519523129.93276191,7.06060537,-0.46753748,1.58879934
1519523129.96600509,7.06054368,-0.44135682,1.62147274
1519523129.99940801,7.05948817,-0.41245956,1.64907580
1519523130.03262901,7.05756997,-0.38276686,1.67250593
1519523130.06606603,7.05451765,-0.35317206,1.69130859
1519523130.09915996,7.04973120,-0.32378257,1.70475784
1519523130.13246608,7.04449738,-0.29407015,1.71281449
1519523130.16596007,7.03917806,-0.26326543,1.71836394
1519523130.19913101,7.03516369,-0.23227132,1.72444888
1519523130.23240709,7.03096081,-0.20130221,1.72824719
1519523130.26576304,7.02273409,-0.17166099,1.73157702
1519523130.29905009,7.01436891,-0.14180184,1.73509989
1519523130.33232307,7.00833804,-0.11156788,1.73885406
1519523130.36585498,7.00274480,-0.08101517,1.74493538
1519523130.39916301,6.99696586,-0.05049704,1.74878982
1519523130.43232894,6.99120860,-0.02077551,1.75282775
1519523130.46570301,6.98540932,0.00868106,1.75768362
1519523130.49891710,6.97997031,0.03820427,1.76158825
1519523130.53221703,6.97423919,0.06746664,1.76649998
1519523130.56555796,6.96836440,0.09670051,1.77002705
1519523130.59887600,6.96213873,0.12714083,1.77348440
1519523130.63215208,6.95558627,0.15751390,1.77824208
1519523130.66554689,6.94913804,0.18786312,1.78258709
1519523130.69881201,6.94277744,0.21823122,1.78607030
1519523130.73211789,6.93636223,0.24834310,1.79097420
1519523130.76562691,6.92892207,0.28179666,1.79534601
1519523130.79877806,6.92181262,0.31312938,1.80022508
1519523130.83202791,6.91431767,0.34542349,1.80632540
1519523130.86541891,6.90765031,0.37686481,1.81028458
1519523130.89870405,6.90141245,0.40601089,1.81394793
1519523130.93204498,6.89506787,0.43513392,1.81984938
1519523130.96532202,6.88626905,0.46518553,1.82562228
1519523130.99863601,6.87673091,0.49735865,1.83598299
1519523131.03188705,6.86631340,0.53144367,1.85002543
1519523131.06521106,6.85685016,0.56578959,1.86437740
1519523131.09850597,6.84883822,0.59356835,1.87938334
1519523131.13204503,6.84047327,0.62102636,1.89814801
1519523131.16518402,6.83266263,0.64854900,1.91641428
1519523131.19850898,6.82293863,0.67555311,1.93972350
1519523131.23179197,6.81493673,0.70296471,1.96498052
1519523131.26519608,6.80413161,0.72893985,1.99239755
1519523131.29836988,6.79245796,0.75453704,2.01884937
1519523131.33186603,6.77880249,0.78027984,2.04508730
1519523131.36510396,6.76325716,0.80983277,2.07476756
1519523131.39835811,6.74684166,0.83891136,2.10495157
1519523131.43181992,6.73321399,0.86303410,2.13638635
1519523131.46496391,6.71992210,0.88740674,2.16776894
1519523131.49828100,6.70374740,0.91218530,2.20005929
1519523131.53176999,6.68650172,0.93622531,2.23147531
1519523131.56492901,6.66905161,0.95901413,2.26258154
1519523131.59817696,6.65218092,0.98230926,2.29639326
1519523131.63160491,6.63359787,1.00607429,2.33160833
1519523131.66489100,6.61413093,1.02911443,2.36797104
1519523131.69815803,6.59589646,1.04942231,2.39938215
1519523131.73185110,6.57801236,1.07021512,2.43492403
1519523131.76478601,6.55873336,1.09106119,2.48195956
1519523131.79804611,6.53757993,1.11168781,2.51949597
1519523131.83154511,6.51660894,1.13083086,2.55685114
1519523131.86475706,6.49259863,1.14649613,2.59453941
1519523131.89989305,6.46901751,1.16289138,2.63269048
1519523131.93176007,6.44482820,1.17837527,2.67034302
1519523131.96461892,6.42094572,1.19251677,2.70822007
1519523131.99798703,6.39734121,1.20537527,2.74647024
1519523132.03148794,6.37166732,1.21577706,2.78451631
1519523132.06460595,6.34643847,1.22488806,2.82108808
1519523132.09799099,6.32243141,1.23213193,2.85853387
1519523132.13132000,6.29842395,1.23934509,2.89708560
1519523132.16454291,6.26745598,1.24636213,2.93539537
1519523132.19779897,6.23620320,1.25200255,2.97409435
1519523132.23168302,6.20802037,1.25587758,3.00941878
1519523132.26445699,6.17995936,1.26056824,3.04751950
1519523132.29777598,6.15347852,1.26414591,3.08672191
1519523132.33108211,6.12397775,1.26888495,3.12458725
1519523132.36436892,6.09601237,1.27247499,-3.11873452
1519523132.39787698,6.06792614,1.27494768,-3.08120005
1519523132.43103290,6.03985647,1.27488332,-3.04010730
1519523132.46435404,6.00969116,1.27344979,-3.00392769
1519523132.49768591,5.97967820,1.27034315,-2.96902898
1519523132.53092098,5.95298515,1.26652874,-2.94399026
1519523132.56440711,5.92639596,1.26204724,-2.92755502
1519523132.59761906,5.90007641,1.25610886,-2.91513738
1519523132.63095999,5.87038854,1.24937426,-2.90182924
1519523132.66423202,5.84342741,1.24288923,-2.89237329
1519523132.69849706,5.81390052,1.23548062,-2.88287706
1519523132.73087692,5.78733095,1.22748896,-2.87673527
1519523132.76415110,5.75687311,1.21826620,-2.87449130
1519523132.79745698,5.72641906,1.20912441,-2.86863507
1519523132.83075190,5.69599689,1.19979822,-2.86387882
1519523132.86405802,5.66521701,1.19075006,-2.85901530
1519523132.89737201,5.63279579,1.18131052,-2.85273940
1519523132.93068910,5.59702470,1.17189549,-2.84621514
1519523132.96404600,5.56438066,1.16317985,-2.83915683
1519523132.99758911,5.52948480,1.15325747,-2.83409954
1519523133.03066993,5.49463958,1.14315874,-2.82912836
1519523133.06402612,5.45984498,1.13288692,-2.82355310
1519523133.09723902,5.42374999,1.12066722,-2.82006100
1519523133.13060188,5.39024333,1.10916941,-2.81545678
1519523133.16388202,5.35498107,1.09690567,-2.81254741
1519523133.19722605,5.32022199,1.08461294,-2.81102819
1519523133.23054194,5.28559588,1.07193445,-2.81031759
1519523133.26385188,5.25086429,1.05956425,-2.80979805
1519523133.29713511,5.21279160,1.04811999,-2.80911919
1519523133.33061910,5.17472670,1.03664988,-2.80635546
1519523133.36379099,5.14140597,1.02470007,-2.80424971
1519523133.39704299,5.11207325,1.01407006,-2.80435670
1519523133.43083906,5.08307432,1.00373352,-2.80544992
1519523133.46367311,5.05406411,0.99342868,-2.80510123
1519523133.49704289,5.02502484,0.98320710,-2.80444721
1519523133.53051400,4.99694413,0.97256267,-2.80323741
1519523133.56359410,4.96268450,0.96328368,-2.80349324
1519523133.59692001,4.93257393,0.95378691,-2.80251261
1519523133.63020706,4.89912181,0.94307876,-2.80263510
1519523133.66367102,4.86579214,0.93202368,-2.80204622
1519523133.73014212,4.83246898,0.92094897,-2.80172544
1519523133.76348090,4.79968560,0.90895027,-2.80091266
1519523133.79680300,4.77069259,0.89829811,-2.80018589
1519523133.83009505,4.73929011,0.88673303,-2.79975631
1519523133.86340404,4.71030944,0.87604735,-2.79928039
1519523133.89675593,4.67923148,0.86445755,-2.79944885
1519523133.93026710,4.65074784,0.85384219,-2.79973019
1519523133.96342993,4.61965061,0.84230590,-2.79928924
1519523133.99665308,4.59290236,0.83256624,-2.79941638
1519523134.03000998,4.56604729,0.82312642,-2.80082704
1519523134.06328011,4.53917893,0.81372448,-2.80039028
1519523134.09675908,4.51054540,0.80368257,-2.79933483
1519523134.13009405,4.48203181,0.79330357,-2.80031047
1519523134.16336799,4.45480276,0.78403233,-2.80235068
1519523134.19678497,4.42774930,0.77426564,-2.80231024
1519523134.22985697,4.40000020,0.76344056,-2.80154120
1519523134.26313400,4.37154160,0.75234019,-2.80254610
1519523134.29652500,4.34378995,0.74152166,-2.80285762
1519523134.32988596,4.31467803,0.73227171,-2.80343073
1519523134.36316490,4.28757528,0.72231486,-2.80410105
1519523134.39642096,4.25789377,0.71147360,-2.80518978
1519523134.42973590,4.23092135,0.70161613,-2.80758822
1519523134.46307707,4.20134591,0.69166466,-2.80965534
1519523134.49633908,4.17374999,0.68246375,-2.81479009
1519523134.52980399,4.14633624,0.67272891,-2.81906422
1519523134.56299090,4.11929162,0.66324851,-2.82363227
1519523134.59634995,4.09208784,0.65424460,-2.82945230
1519523134.62972999,4.06483212,0.64539916,-2.83494056
1519523134.66288900,4.03849724,0.63701027,-2.84111478
1519523134.69619012,4.01344316,0.62863709,-2.84679429
1519523134.72965503,3.98906272,0.62077425,-2.85271551
1519523134.76285100,3.96622860,0.61338040,-2.85828016
1519523134.79621291,3.94541371,0.60668437,-2.86530836
1519523134.82970309,3.92646036,0.60067581,-2.87014560
1519523134.86277795,3.90884671,0.59565011,-2.87032534
1519523134.89606094,3.89232677,0.59124828,-2.87073976
1519523134.92955494,3.87608212,0.58693025,-2.87447394
1519523134.96276498,3.86103846,0.58295341,-2.87626336
1519523134.99603391,3.85006423,0.57970546,-2.87549617
1519523135.02933788,3.84048301,0.57683610,-2.87567872
1519523135.06277299,3.83318446,0.57459035,-2.87573847
1519523135.09607697,3.82588578,0.57234503,-2.87545596
1519523135.12959003,3.81903562,0.57045880,-2.87684988
1519523135.16268611,3.81722097,0.56994798,-2.87565962
1519523135.19593406,3.81960999,0.57094360,-2.87633247
1519523135.22957993,3.82193530,0.57217461,-2.87616700
1519523135.26265407,3.82298464,0.57305919,-2.87350087
1519523135.29586196,3.82424131,0.57308557,-2.87365349
1519523135.32930589,3.82299315,0.57242406,-2.87371554
1519523135.36274791,3.82161406,0.57223948,-2.87334460
1519523135.39591599,3.82026286,0.57206204,-2.87394233
1519523135.42913294,3.81948080,0.57201361,-2.87455222
1519523135.46249795,3.81956850,0.57210912,-2.87425015
1519523135.49576092,3.81963209,0.57229256,-2.87428888
1519523135.52919197,3.81971977,0.57238810,-2.87365977
1519523135.56245708,3.81975833,0.57239869,-2.87348113
