1519523146.22226906,0.00000001,-0.00000000,-0.00000000
1519523146.25554204,0.00000001,-0.00004214,-0.00006120
1519523146.28891206,-0.00003052,-0.00008428,0.00005843
1519523146.32220292,-0.00008708,-0.00007116,0.00004422
1519523146.35563111,-0.00014363,-0.00005805,0.00006163
1519523146.38901901,-0.00020019,-0.00004494,0.00002951
1519523146.42220592,-0.00027426,0.00001394,0.00013279
1519523146.45544195,-0.00034834,0.00007280,0.00007276
1519523146.48880601,-0.00039106,0.00019771,0.00002364
1519523146.52235293,-0.00041007,0.00007758,0.00003596
1519523146.55541992,-0.00042908,0.00023277,0.00006709
1519523146.58897901,-0.00044809,0.00029387,0.00005326
1519523146.62208509,-0.00049694,0.00035496,0.00003838
1519523146.65535593,-0.00054579,0.00034263,0.00004431
1519523146.68871999,-0.00052446,0.00033031,0.00008529
1519523146.72197795,-0.00040804,0.00031543,0.00004204
1519523146.75514698,-0.00029162,0.00034043,0.00006218
1519523146.78866911,-0.00033070,0.00032555,0.00001322
1519523146.82192707,-0.00036978,0.00035054,-0.00001703
1519523146.85520601,-0.00039274,0.00028356,0.00002470
1519523146.88903809,-0.00041571,0.00036481,0.00012252
1519523146.92179990,-0.00043868,0.00048912,0.00000754
1519523146.95516992,-0.00039765,0.00061344,-0.00005961
1519523146.98874211,-0.00035661,0.00073776,0.00012999
1519523147.02187204,-0.00042884,0.00078708,0.00001572
1519523147.05510306,-0.00050105,0.00083641,-0.00001079
1519523147.08833909,-0.00038321,0.00088574,0.00007008
1519523147.12171102,-0.00026537,0.00092010,0.00000771
1519523147.15501595,-0.00014752,0.00095445,0.00009146
1519523147.18829298,-0.00019317,0.00098879,0.00012625
1519523147.22163510,-0.00023882,0.00108304,0.00002322
1519523147.25495911,-0.00028447,0.00117728,-0.00001919
1519523147.28838801,-0.00034633,0.00109625,0.00006940
1519523147.32172298,-0.00022603,0.00101522,0.00010560
1519523147.35482192,-0.00033292,0.00093417,0.00002948
1519523147.38824296,-0.00040935,0.00085180,0.00006232
1519523147.42149591,-0.00048578,0.00076942,0.00004462
1519523147.45514202,-0.00047048,0.00069627,0.00000269
1519523147.48815799,-0.00045519,0.00062312,0.00000110
1519523147.52165604,-0.00035510,0.00054996,0.00007051
1519523147.55480790,-0.00035387,0.00054924,0.00004758
1519523147.58808804,-0.00026719,0.00058047,0.00005786
1519523147.62141299,-0.00042109,0.00064665,0.00006906
1519523147.65471506,-0.00033442,0.00071284,0.00001435
1519523147.68805599,-0.00036455,0.00078155,0.00002550
1519523147.72129607,-0.00039468,0.00090515,0.00007302
1519523147.75464702,-0.00042482,0.00102874,0.00002463
1519523147.78801608,-0.00052061,0.00101775,0.00003901
1519523147.82127595,-0.00043165,0.00096698,-0.00002759
1519523147.85461998,-0.00052744,0.00095600,0.00006270
1519523147.88794589,-0.00044823,0.00090861,0.00008454
1519523147.92122793,-0.00046165,0.00092661,0.00018727
1519523147.95446110,-0.00038244,0.00094464,-0.00008860
1519523147.98778296,-0.00039585,0.00096264,0.00003269
1519523148.02110100,-0.00039665,0.00096147,0.00003340
1519523148.05438805,-0.00039745,0.00089990,0.00007426
1519523148.08795404,-0.00039825,0.00083832,-0.00001541
1519523148.12097502,-0.00055327,0.00089476,-0.00000530
1519523148.15436196,-0.00070829,0.00095119,0.00001188
1519523148.18766904,-0.00070293,0.00085706,0.00007871
1519523148.22105789,-0.00069757,0.00076293,0.00004984
1519523148.25431609,-0.00073525,0.00078274,0.00002309
1519523148.28782511,-0.00081848,0.00080255,0.00009286
1519523148.32097602,-0.00085617,0.00080525,0.00008794
1519523148.35423303,-0.00095704,0.00080796,0.00002673
1519523148.38756108,-0.00103780,0.00081066,0.00007492
1519523148.42088699,-0.00111855,0.00069152,0.00006142
1519523148.45414305,-0.00095976,0.00057239,0.00014368
1519523148.48760104,-0.00080099,0.00061323,-0.00001883
1519523148.52086711,-0.00076584,0.00065405,0.00001149
1519523148.55408907,-0.00084939,0.00069487,0.00006405
1519523148.58747101,-0.00093294,0.00071272,0.00003525
1519523148.62076807,-0.00101649,0.00073058,-0.00001456
1519523148.65404296,-0.00096616,0.00074844,0.00005731
1519523148.68743396,-0.00091582,0.00066291,0.00003278
1519523148.72076797,-0.00084976,0.00069467,0.00009824
1519523148.75395489,-0.00093197,0.00072642,0.00000731
1519523148.78733611,-0.00092132,0.00076625,0.00007882
1519523148.82059312,-0.00091066,0.00081683,0.00005064
1519523148.85393596,-0.00090001,0.00086740,0.00008475
1519523148.88755488,-0.00075700,0.00093608,-0.00001672
1519523148.92052102,-0.00061398,0.00084163,0.00008698
1519523148.95386291,-0.00047097,0.00091030,0.00005523
1519523148.98715901,-0.00054604,0.00094668,0.00001628
1519523149.02051210,-0.00062110,0.00098306,-0.00000584
1519523149.05378795,-0.00055269,0.00094614,0.00007654
1519523149.08717394,-0.00048427,0.00090923,0.00004475
1519523149.12046003,-0.00053866,0.00097191,0.00005292
1519523149.15375710,-0.00059306,0.00103458,-0.00000735
1519523149.18718004,-0.00064745,0.00109727,0.00000633
1519523149.22036004,-0.00056943,0.00100558,-0.00002350
1519523149.25379896,-0.00054959,0.00095768,0.00002463
1519523149.28691602,-0.00052976,0.00090978,0.00008813
1519523149.32030010,-0.00052757,0.00088173,0.00003242
1519523149.35387897,-0.00052539,0.00089431,-0.00000373
1519523149.38700891,-0.00047785,0.00086626,-0.00003785
1519523149.42027998,-0.00033080,0.00087883,-0.00090016
1519523149.45353389,0.00155220,0.00072336,-0.00069295
1519523149.48707199,0.00351127,0.00092440,0.00010835
1519523149.52017498,0.00608163,0.00077091,0.00122325
1519523149.55372000,0.00878968,0.00093344,-0.00000304
1519523149.58686900,0.01192873,0.00102685,-0.00030822
1519523149.62012005,0.01513388,0.00118508,-0.00074587
1519523149.65355301,0.01904384,0.00127558,-0.00174190
1519523149.68694401,0.02415322,0.00136603,-0.00363338
1519523149.72013497,0.03024163,0.00144325,-0.00547825
1519523149.75352597,0.03700864,0.00150552,-0.00848732
1519523149.78668690,0.04534098,0.00131033,-0.01439255
1519523149.81999302,0.05441259,0.00061871,-0.02104667
1519523149.85332489,0.06348858,0.00030317,-0.02763408
1519523149.88656712,0.07324637,-0.00052775,-0.03468088
1519523149.91993690,0.08447185,-0.00124985,-0.04212227
1519523149.95324802,0.09576371,-0.00215410,-0.05016184
1519523149.98652506,0.10727078,-0.00316028,-0.05872165
1519523150.02011204,0.11959979,-0.00442605,-0.06829862
1519523150.05316401,0.13301252,-0.00588484,-0.07848205
1519523150.08656406,0.14699068,-0.00695274,-0.08762614
1519523150.11974096,0.16169060,-0.00821273,-0.09794375
1519523150.15321207,0.17717923,-0.00989195,-0.10704356
1519523150.18635106,0.19325979,-0.01177736,-0.11545636
1519523150.21994400,0.20956537,-0.01382599,-0.12430130
1519523150.25298500,0.22800348,-0.01705000,-0.13102636
1519523150.28632307,0.24794194,-0.02059856,-0.13550620
1519523150.31991506,0.26810852,-0.02289666,-0.14068323
1519523150.35299206,0.28883907,-0.02538073,-0.14718159
1519523150.38626003,0.31408667,-0.03026412,-0.15388843
1519523150.41959000,0.34092793,-0.03556911,-0.15974180
1519523150.45285797,0.36893242,-0.04023608,-0.16515458
1519523150.48630691,0.40036643,-0.04546137,-0.16975247
1519523150.51973009,0.43304775,-0.05086409,-0.17338048
1519523150.55328488,0.46570629,-0.05640224,-0.17823568
1519523150.58627009,0.49422995,-0.06097158,-0.18317445
1519523150.61947298,0.52266126,-0.06605655,-0.18936012
1519523150.65291190,0.55226125,-0.07225794,-0.19575115
1519523150.68636107,0.58322750,-0.07892726,-0.20288463
1519523150.71970797,0.61398702,-0.08658721,-0.21074725
1519523150.75272799,0.64515315,-0.09230207,-0.21971347
1519523150.78650188,0.67888461,-0.10023541,-0.22990914
1519523150.81937504,0.71253343,-0.10851226,-0.24225784
1519523150.85264897,0.74675533,-0.11859216,-0.25298572
1519523150.88595700,0.78086713,-0.12903860,-0.26649787
1519523150.91925001,0.81434303,-0.13867471,-0.28122566
1519523150.95263410,0.84767338,-0.14880277,-0.29541981
1519523150.98586988,0.88373583,-0.15989862,-0.31281364
1519523151.01922607,0.91959984,-0.17162001,-0.33086647
1519523151.05247211,0.95556227,-0.18306735,-0.34954267
1519523151.08587003,0.99252021,-0.19562738,-0.36722325
1519523151.11912394,1.02917382,-0.20903772,-0.38446005
1519523151.15241909,1.06424183,-0.22411483,-0.40242013
1519523151.18573904,1.09920947,-0.23940570,-0.41994089
1519523151.21926403,1.13390385,-0.25530685,-0.43818704
1519523151.25248194,1.16808865,-0.27092435,-0.45649938
1519523151.28593707,1.20194891,-0.28714909,-0.47356957
1519523151.31899810,1.23535206,-0.30437156,-0.49235935
1519523151.35239196,1.26839350,-0.32220131,-0.50980707
1519523151.38561010,1.30130607,-0.34021998,-0.52900679
1519523151.41904712,1.33325531,-0.35850982,-0.54737221
1519523151.45225501,1.36588643,-0.37706523,-0.56380471
1519523151.48559904,1.39757674,-0.39798175,-0.57860671
1519523151.51885104,1.42998321,-0.41778933,-0.59206622
1519523151.55220199,1.46167852,-0.43868791,-0.60479767
1519523151.58556104,1.49423678,-0.46034086,-0.61822792
1519523151.61890006,1.52629647,-0.48271709,-0.62950912
1519523151.65228200,1.55723186,-0.50438280,-0.64014449
1519523151.68548203,1.58721633,-0.52734136,-0.64661046
1519523151.71900797,1.61859841,-0.55126506,-0.64903578
1519523151.75202394,1.64973144,-0.57551648,-0.64952987
1519523151.78537893,1.68085855,-0.59939121,-0.65105949
1519523151.81908607,1.71004489,-0.62346425,-0.65152732
1519523151.85209203,1.74092563,-0.64766155,-0.65072397
1519523151.88528395,1.77092343,-0.67114703,-0.65055438
1519523151.91860199,1.80297418,-0.69542322,-0.64986425
1519523151.95205998,1.83335984,-0.71839910,-0.64656308
1519523151.98526406,1.86594927,-0.74196154,-0.64005681
1519523152.01856589,1.89602126,-0.76368096,-0.63127739
1519523152.05202293,1.92695735,-0.78562868,-0.61302431
1519523152.08522797,1.95712662,-0.80866035,-0.59002432
1519523152.11851192,1.98777192,-0.83106033,-0.56278303
1519523152.15185499,2.02103380,-0.85379311,-0.53204741
1519523152.18515491,2.05278033,-0.87297573,-0.50017029
1519523152.21840096,2.08512213,-0.89113678,-0.46700956
1519523152.25212002,2.11592968,-0.91014610,-0.43141329
1519523152.28515410,2.14739424,-0.92804697,-0.39683018
1519523152.31837893,2.18095305,-0.94389918,-0.36244870
1519523152.35180998,2.21503695,-0.95858844,-0.32820064
1519523152.38496709,2.24944924,-0.97234315,-0.29216686
1519523152.41826391,2.28242956,-0.98553692,-0.25581854
1519523152.45184708,2.31774647,-0.99676695,-0.22048656
1519523152.48492002,2.35258014,-1.00795825,-0.18438158
1519523152.51820898,2.38889352,-1.01844657,-0.14722340
1519523152.55184197,2.42557147,-1.02757862,-0.10851069
1519523152.58487010,2.46269589,-1.03417793,-0.06915850
1519523152.61825109,2.50074877,-1.03838428,-0.03010050
1519523152.65177989,2.53506692,-1.04195874,0.01045393
1519523152.68479395,2.57218954,-1.04324830,0.05465100
1519523152.71808410,2.60673335,-1.04475052,0.09875784
1519523152.75166607,2.64255863,-1.04406894,0.14298526
1519523152.78473496,2.67831875,-1.04180409,0.18686216
1519523152.81806207,2.71394510,-1.03797287,0.23123800
1519523152.85151601,2.74823899,-1.03467836,0.27753630
1519523152.88468695,2.78234366,-1.02980019,0.32331571
1519523152.91809511,2.81763874,-1.02147502,0.36794164
1519523152.95158696,2.85212045,-1.01052824,0.41258652
1519523152.98455811,2.88653278,-0.99908958,0.45913912
1519523153.01788998,2.91957999,-0.98426704,0.50420964
1519523153.05147505,2.95300648,-0.96968863,0.55065226
1519523153.08448911,2.98572012,-0.95357408,0.59621395
1519523153.11791301,3.01819139,-0.93676074,0.64355254
1519523153.15193105,3.05198128,-0.91681654,0.68968362
1519523153.18446994,3.07863711,-0.89615964,0.73607027
1519523153.21794891,3.10509955,-0.87240149,0.78043678
1519523153.25125408,3.12696356,-0.85097697,0.82361509
1519523153.28443909,3.15281537,-0.82722805,0.87372650
1519523153.31777906,3.17792874,-0.80261893,0.91841005
1519523153.35110903,3.20278966,-0.77577136,0.96383656
1519523153.38439298,3.22711781,-0.74831697,1.01037300
1519523153.41792297,3.25014245,-0.71976057,1.05680733
1519523153.45120811,3.27193506,-0.68995667,1.10507807
1519523153.48429203,3.29197497,-0.65899059,1.15267640
1519523153.51767302,3.31037804,-0.62867941,1.19706999
1519523153.55098510,3.32694281,-0.59739511,1.24534986
1519523153.58427811,3.34065886,-0.56490254,1.29293300
1519523153.61754107,3.35294140,-0.53134728,1.33678224
1519523153.65097189,3.36421311,-0.49739835,1.38280620
1519523153.68420005,3.37444589,-0.46220105,1.43125672
1519523153.71753311,3.38296201,-0.42654946,1.47751581
1519523153.75142193,3.38971225,-0.39169819,1.52217805
1519523153.78408599,3.39434867,-0.35655347,1.56967011
1519523153.81737089,3.39831167,-0.32028497,1.61694127
1519523153.85077500,3.39955827,-0.28391580,1.66532914
1519523153.88405800,3.40017792,-0.24889942,1.71125827
1519523153.91736698,3.39774618,-0.21409555,1.76054235
1519523153.95065904,3.39474984,-0.17866100,1.80646942
1519523153.98399210,3.38935039,-0.14338422,1.85280726
1519523154.01731110,3.38304677,-0.10818562,1.89985848
1519523154.05113006,3.37392429,-0.07222813,1.94766573
1519523154.08390689,3.36344603,-0.03552597,1.99515946
1519523154.11716700,3.35123711,0.00063733,2.04161023
1519523154.15053391,3.33736215,0.03619472,2.08792778
1519523154.18392110,3.32061342,0.06978632,2.13161613
1519523154.21715689,3.30241357,0.10261437,2.17682708
1519523154.25076699,3.28297121,0.13474058,2.22384934
1519523154.28417301,3.26354676,0.16683462,2.27078688
1519523154.31713510,3.23914518,0.20059044,2.31925911
1519523154.35059905,3.21738059,0.23043487,2.36424988
1519523154.38372302,3.19167427,0.26058036,2.41203612
1519523154.41749692,3.16455730,0.28946348,2.45949668
1519523154.45034790,3.13557634,0.31638208,2.50276438
1519523154.48378801,3.09927478,0.34350363,2.54912904
1519523154.51697612,3.06825315,0.36755002,2.59203240
1519523154.55080509,3.03639417,0.39293485,2.63514070
1519523154.58360291,3.00347084,0.41692314,2.66437854
1519523154.61687803,2.96282924,0.43935519,2.69106614
1519523154.65021300,2.92052121,0.45899664,2.70628812
1519523154.68351507,2.87329982,0.48014005,2.71492446
1519523154.71687508,2.82611803,0.50215902,2.72235942
1519523154.75018406,2.77482535,0.52558625,2.72753410
1519523154.78344202,2.72119648,0.54906845,2.73599745
1519523154.81672502,2.66706291,0.57137893,2.74459651
1519523154.85026908,2.61386237,0.59359845,2.75313165
1519523154.88351488,2.56155569,0.61588612,2.76163747
1519523154.91675711,2.50906133,0.63772809,2.77063515
1519523154.95002389,2.45726410,0.65875008,2.78650672
1519523154.98337507,2.40664445,0.67721012,2.80963211
1519523155.01669192,2.35667094,0.69756814,2.83347937
1519523155.05000401,2.30489148,0.71253478,2.86088246
1519523155.08323693,2.25145722,0.72890004,2.88682863
1519523155.11659789,2.19761637,0.74387354,2.91565908
1519523155.15003610,2.14637080,0.75659815,2.94392176
1519523155.18324304,2.09507205,0.76929722,2.97323309
1519523155.21655202,2.04226689,0.77858320,3.00272777
1519523155.24989700,1.98696696,0.78871269,3.03408716
1519523155.28311610,1.93115439,0.79504421,3.06399689
1519523155.31643796,1.87067150,0.80269283,3.09143587
1519523155.34996390,1.79289166,0.80261026,3.11584909
1519523155.38307500,1.71501199,0.79577344,3.13403998
1519523155.41638494,1.64601384,0.78745508,-3.13417486
1519523155.45008898,1.58091031,0.79120592,-3.11904951
1519523155.48308396,1.51575750,0.79397165,-3.10428114
1519523155.51655412,1.44426262,0.78877622,-3.08946143
1519523155.54998493,1.37285259,0.78252186,-3.07509481
1519523155.58295488,1.30783522,0.77620980,-3.06275736
1519523155.61624002,1.24588544,0.77700519,-3.05196176
1519523155.64990401,1.18393068,0.77713176,-3.04286647
1519523155.68289495,1.11577435,0.76470165,-3.03842447
1519523155.71628404,1.04767391,0.75196892,-3.03466124
1519523155.74999309,0.98425140,0.74358387,-3.03277251
1519523155.78286600,0.92263711,0.73596265,-3.03189997
1519523155.81620693,0.86102949,0.72828767,-3.03266853
1519523155.84960389,0.79990706,0.72071375,-3.03279067
1519523155.88275599,0.73813874,0.71439140,-3.03038912
1519523155.91610408,0.67638578,0.70792073,-3.02897775
1519523155.94977593,0.61464202,0.70136292,-3.02906782
1519523155.98273897,0.55279729,0.69686901,-3.02790179
1519523156.01601410,0.49095784,0.69230299,-3.02582140
1519523156.04929996,0.42983719,0.68377096,-3.02651381
1519523156.08265495,0.36871065,0.67528126,-3.02667273
1519523156.11642909,0.30758276,0.66680128,-3.02616740
1519523156.14941692,0.24254643,0.66390686,-3.02749454
1519523156.18258905,0.17824181,0.65468067,-3.02652510
1519523156.21581411,0.11642589,0.65049522,-3.03112189
1519523156.24917197,0.05500790,0.64283896,-3.03184607
1519523156.28249598,-0.00740174,0.63891942,-3.03402043
1519523156.31600404,-0.06952149,0.63237351,-3.03457479
1519523156.34919596,-0.13169475,0.62632657,-3.03540462
1519523156.38267708,-0.19550481,0.62015729,-3.03596419
1519523156.41628003,-0.26043891,0.61390491,-3.03626495
1519523156.44903588,-0.32521122,0.60612392,-3.03747164
1519523156.48237705,-0.38999287,0.59842110,-3.03841165
1519523156.51570201,-0.44878127,0.59484017,-3.03861219
1519523156.54896307,-0.50681165,0.59134943,-3.03744535
1519523156.58228707,-0.56535352,0.58538652,-3.04001917
1519523156.61564589,-0.63066561,0.57777883,-3.04660171
1519523156.64890599,-0.69613082,0.57169752,-3.05659877
1519523156.68239903,-0.74673692,0.56763500,-3.06952655
1519523156.71557403,-0.79739130,0.56422703,-3.09643812
1519523156.74905491,-0.85579989,0.56145620,-3.11686441
1519523156.78224206,-0.91457418,0.55717738,3.13699491
1519523156.81547189,-0.97306067,0.55462197,3.10590766
1519523156.84914303,-1.03457946,0.56404127,3.07434623
1519523156.88213301,-1.09422771,0.57529327,3.04752344
1519523156.91539097,-1.15589917,0.57973149,3.00850419
1519523156.94880891,-1.21606969,0.58448759,2.96914588
1519523156.98243499,-1.27228451,0.59095932,2.92567683
1519523157.01529098,-1.32787956,0.60116921,2.88625731
1519523157.04883194,-1.38302904,0.61356213,2.86561660
1519523157.08188891,-1.43473955,0.62701663,2.82299933
1519523157.11528492,-1.48729295,0.63738677,2.77736001
1519523157.14898491,-1.53670467,0.65323150,2.72850155
1519523157.18192291,-1.58708297,0.66736525,2.68455540
1519523157.21525598,-1.63642419,0.68444593,2.63502071
1519523157.24888611,-1.68035602,0.70145013,2.58694560
1519523157.28193498,-1.72257692,0.72157519,2.53728137
1519523157.31510901,-1.76389033,0.74387064,2.49559650
1519523157.34841609,-1.80387849,0.76805621,2.44654738
1519523157.38194609,-1.84324434,0.79193395,2.39982973
1519523157.41505599,-1.87997646,0.81913582,2.34776292
1519523157.44841504,-1.91711744,0.84636952,2.29953036
1519523157.48175907,-1.95469901,0.87375834,2.24833160
1519523157.51501203,-1.99009549,0.90212206,2.19838837
1519523157.54835391,-2.02069656,0.93463701,2.14914574
1519523157.58172202,-2.04901935,0.96857388,2.09901107
1519523157.61496210,-2.07493530,1.00426216,2.04983996
1519523157.64827704,-2.09864915,1.04037895,1.99914786
1519523157.68177104,-2.12088030,1.07747841,1.94947631
1519523157.71494794,-2.14266337,1.11881434,1.90823870
1519523157.74822307,-2.16273171,1.16103569,1.85997140
1519523157.78148293,-2.18069705,1.20416387,1.81170545
1519523157.81479502,-2.19521197,1.24739470,1.76204247
1519523157.84818101,-2.20707610,1.29106694,1.71266127
1519523157.88152099,-2.21645922,1.33309526,1.67701756
1519523157.91479897,-2.22772565,1.37403557,1.62333976
1519523157.94827390,-2.23677933,1.41552137,1.57015910
1519523157.98138309,-2.24361500,1.45742978,1.51716664
1519523158.01470900,-2.24856946,1.49761400,1.46337071
1519523158.04835701,-2.25135605,1.53800649,1.40978095
1519523158.08140707,-2.24847504,1.57792177,1.36036499
1519523158.11463690,-2.24359714,1.61778062,1.31942448
1519523158.14814401,-2.23838377,1.66184452,1.26890057
1519523158.18127990,-2.23082489,1.70599618,1.21666097
1519523158.21461606,-2.21890535,1.74892923,1.16673712
1519523158.24795198,-2.20585099,1.78889206,1.12147459
1519523158.28123999,-2.19100180,1.82822329,1.07168418
1519523158.31450891,-2.17368300,1.86647753,1.02505332
1519523158.34786701,-2.15344229,1.90578910,0.97965763
1519523158.38114500,-2.13111871,1.94392703,0.92931378
1519523158.41447306,-2.10927009,1.98266021,0.88091204
1519523158.44776297,-2.08380846,2.01778983,0.83164917
1519523158.48112607,-2.05892078,2.05369489,0.78785135
1519523158.51441908,-2.03280710,2.08799962,0.73764763
1519523158.54768109,-2.00454406,2.12136941,0.68844589
1519523158.58099008,-1.97515483,2.15291322,0.63901576
1519523158.61428189,-1.94793897,2.17819751,0.58856318
1519523158.64800406,-1.92023893,2.20321018,0.55954883
1519523158.68095398,-1.89336082,2.22469229,0.50735368
1519523158.71433592,-1.86432254,2.24704224,0.45650161
1519523158.74756408,-1.83353030,2.26655262,0.40290243
1519523158.78092003,-1.79668827,2.28461132,0.37104019
1519523158.81421208,-1.75266049,2.30406633,0.32123543
1519523158.84760499,-1.71757240,2.32838836,0.27163181
1519523158.88084793,-1.67446911,2.35284919,0.22132355
1519523158.91411591,-1.63780488,2.36363920,0.17662709
1519523158.94747496,-1.59212260,2.37431031,0.12756690
1519523158.98076510,-1.54591622,2.38229361,0.07954539
1519523159.01418304,-1.49928155,2.38681612,0.03382493
1519523159.04738307,-1.45850388,2.38778663,-0.01349691
1519523159.08073711,-1.41772595,2.38682711,-0.05942014
1519523159.11424804,-1.37414446,2.38750273,-0.10509034
1519523159.14731789,-1.32516863,2.38955091,-0.15260972
1519523159.18059802,-1.28111872,2.39003446,-0.19964828
1519523159.21406293,-1.24609624,2.38278452,-0.24613595
1519523159.24725294,-1.21144852,2.37391489,-0.28741538
1519523159.28057194,-1.15849403,2.35322367,-0.33270501
1519523159.31395602,-1.10406895,2.33728010,-0.36765826
1519523159.34715295,-1.05315577,2.31249260,-0.40225751
1519523159.38053894,-1.00017973,2.29289433,-0.43358254
1519523159.41387606,-0.95096399,2.26490620,-0.45924218
1519523159.44759202,-0.89394719,2.24256569,-0.47865341
1519523159.48039603,-0.83784048,2.21822516,-0.49664316
1519523159.51403403,-0.78218070,2.19287929,-0.50555775
1519523159.54707694,-0.72455479,2.16108212,-0.51125502
1519523159.58037806,-0.66714789,2.12897787,-0.52269051
1519523159.61382699,-0.60818892,2.09579251,-0.53241783
1519523159.64706802,-0.55088603,2.06347904,-0.54419554
1519523159.68050694,-0.49705123,2.03671814,-0.55614606
1519523159.71375203,-0.44550894,2.00614836,-0.56874427
1519523159.74692702,-0.38908289,1.97330421,-0.57782598
1519523159.78024912,-0.33295744,1.93994898,-0.58680681
1519523159.81362891,-0.27394296,1.90396931,-0.59538712
1519523159.84707999,-0.22276482,1.86998720,-0.60295992
1519523159.88018203,-0.17184549,1.83561852,-0.61157373
1519523159.91353011,-0.12122408,1.80081250,-0.61878705
1519523159.94679809,-0.07075953,1.76492681,-0.62510526
1519523159.98026395,-0.02232504,1.72622547,-0.62956103
1519523160.01375508,0.02653031,1.68687614,-0.63433553
1519523160.04682708,0.07528304,1.64741061,-0.64157301
1519523160.08006692,0.12386527,1.60750632,-0.64681188
1519523160.11341000,0.17223777,1.56734807,-0.65139544
1519523160.14671493,0.22036928,1.52689449,-0.65742963
1519523160.17997193,0.26829485,1.49166603,-0.66192425
1519523160.21332908,0.31457796,1.45183677,-0.66751179
1519523160.24669003,0.36214592,1.41612691,-0.67317995
1519523160.28000903,0.40936270,1.37920119,-0.67945772
1519523160.31327701,0.45634675,1.34197978,-0.68494195
1519523160.34659696,0.50445252,1.29963015,-0.68987918
1519523160.37991905,0.55297337,1.25636461,-0.69533365
1519523160.41341591,0.60133827,1.21293184,-0.69914055
1519523160.44654107,0.65229502,1.17259487,-0.70616333
1519523160.47983599,0.70363482,1.13133168,-0.71236558
1519523160.51316500,0.74909345,1.09214624,-0.71701381
1519523160.54648805,0.79630649,1.05014887,-0.72083520
1519523160.57980800,0.84221849,1.00782324,-0.72303131
1519523160.61317301,0.88917795,0.96554253,-0.72516293
1519523160.64635110,0.93811984,0.92427071,-0.72919593
1519523160.67972302,0.98689487,0.88280185,-0.72928257
1519523160.71301389,1.03390475,0.84011337,-0.72866739
1519523160.74630189,1.08063080,0.79710638,-0.72897321
1519523160.77967191,1.12790923,0.75232238,-0.72865464
1519523160.81291389,1.17589297,0.70693669,-0.72677048
1519523160.84626389,1.22501099,0.66282114,-0.73162455
1519523160.87961507,1.27228835,0.61992754,-0.73050311
1519523160.91287994,1.31961379,0.57708698,-0.72973021
1519523160.94620800,1.36900503,0.53200672,-0.72948230
1519523160.97951293,1.41840744,0.48693870,-0.72799544
1519523161.01287508,1.46663659,0.44244282,-0.72687077
1519523161.04619288,1.51491576,0.39800122,-0.72503799
1519523161.07943010,1.56357095,0.35398073,-0.72509553
1519523161.11276507,1.61115698,0.31284264,-0.72431940
1519523161.14605093,1.65877492,0.27174150,-0.72388244
1519523161.17937708,1.70643360,0.23245549,-0.72082994
1519523161.21271491,1.75545447,0.18745121,-0.72036689
1519523161.24621010,1.80193557,0.14616754,-0.71817353
1519523161.27929211,1.85179311,0.10211448,-0.71712735
1519523161.31263208,1.89886348,0.06150428,-0.71843930
1519523161.34600711,1.94199027,0.02423366,-0.71750271
1519523161.37928104,1.98494083,-0.01323847,-0.71713386
1519523161.41251898,2.03274604,-0.05491600,-0.71614898
1519523161.44599700,2.08141061,-0.09826001,-0.71678436
1519523161.47916698,2.13356455,-0.13759897,-0.71258988
1519523161.51251101,2.18460347,-0.19296147,-0.71127280
1519523161.54582691,2.23362984,-0.23276155,-0.71005899
1519523161.57911611,2.28270449,-0.27250211,-0.70938018
1519523161.61252999,2.33180611,-0.31220933,-0.70792039
1519523161.64576006,2.37670258,-0.35464444,-0.70492392
1519523161.67908096,2.42336883,-0.39834244,-0.70399381
1519523161.71247292,2.46857096,-0.44071928,-0.70502184
1519523161.74564099,2.51492787,-0.48478036,-0.70246426
1519523161.77895999,2.56135235,-0.52868467,-0.69124305
1519523161.81227803,2.60806471,-0.57230923,-0.68598261
1519523161.84556293,2.65590107,-0.61126301,-0.67700762
1519523161.87894607,2.70408511,-0.64978589,-0.66622099
1519523161.91223097,2.75318166,-0.68817969,-0.65393834
1519523161.94556499,2.80446791,-0.72372101,-0.63815702
1519523161.97879791,2.85823945,-0.75885242,-0.62154797
1519523162.01219606,2.91236969,-0.79293026,-0.61518202
1519523162.04551291,2.96490766,-0.82922150,-0.59418677
1519523162.07877707,3.01643815,-0.86584258,-0.57171864
1519523162.11210895,3.06789161,-0.90094787,-0.54527692
1519523162.14566493,3.11818989,-0.93320959,-0.52005509
1519523162.17875409,3.16832558,-0.96586938,-0.49064763
1519523162.21217990,3.22123056,-1.00250607,-0.45493898
1519523162.24546790,3.27540979,-1.03723063,-0.41811707
1519523162.27873611,3.33295279,-1.06609426,-0.38095499
1519523162.31195593,3.38754482,-1.09004951,-0.33878436
1519523162.34531498,3.44801475,-1.11193361,-0.29593450
1519523162.37858510,3.51560145,-1.12579236,-0.25120667
1519523162.41191506,3.58731522,-1.12268459,-0.21278405
1519523162.44527292,3.64161596,-1.11033562,-0.17589505
1519523162.47856498,3.69542432,-1.09599242,-0.15247439
1519523162.51193404,3.75477134,-1.10433507,-0.10724775
1519523162.54520011,3.81407974,-1.11328458,-0.05987066
1519523162.57858610,3.87374542,-1.11941524,-0.01094138
1519523162.61186504,3.93768715,-1.11668094,0.03631951
1519523162.64519596,4.00348695,-1.10894222,0.07907974
1519523162.67841005,4.06616179,-1.09085286,0.12436459
1519523162.71185207,4.12192747,-1.07069812,0.16516532
1519523162.74513888,4.17333721,-1.05041677,0.21242382
1519523162.77851200,4.23221868,-1.04910253,0.26604206
1519523162.81196809,4.29370275,-1.04388310,0.31953520
1519523162.84511399,4.35481981,-1.03538372,0.37129066
1519523162.87825608,4.41271503,-1.01780117,0.42424144
1519523162.91182590,4.46746326,-0.99930839,0.46737826
1519523162.94501400,4.52070176,-0.97716149,0.51802692
1519523162.97817111,4.57364294,-0.95352867,0.57096202
1519523163.01166701,4.62716472,-0.92415954,0.61957493
1519523163.04513097,4.67765131,-0.88926729,0.66763810
1519523163.07842493,4.72640321,-0.85198972,0.71479614
1519523163.11175394,4.77315414,-0.81329831,0.76245291
1519523163.14476395,4.82011078,-0.77553111,0.80888082
1519523163.17806292,4.86384361,-0.73711400,0.85954058
1519523163.21168590,4.90291314,-0.70182416,0.90814811
1519523163.24489498,4.93873440,-0.66303347,0.95714684
1519523163.27801394,4.97290122,-0.62603559,1.00386379
1519523163.31159997,5.00496060,-0.58406861,1.05430156
1519523163.34461093,5.03537047,-0.53964581,1.10320045
1519523163.37797093,5.06357263,-0.49378969,1.15360579
1519523163.41148806,5.08879297,-0.44628918,1.20421339
1519523163.44460893,5.11300931,-0.39946715,1.25044389
1519523163.47796512,5.13480755,-0.35150023,1.30372772
1519523163.51172495,5.15402020,-0.30244045,1.35516479
1519523163.54448700,5.17061457,-0.25277957,1.40592370
1519523163.57788992,5.18539219,-0.20504421,1.46123863
1519523163.61117411,5.19750807,-0.15656485,1.51289526
1519523163.64441705,5.20710463,-0.10752457,1.56520415
1519523163.67782998,5.21534384,-0.05887921,1.61740406
1519523163.71146202,5.22103370,-0.00987021,1.66726595
1519523163.74439311,5.21716030,0.04617812,1.71528221
1519523163.77798200,5.21002540,0.10189216,1.76417500
1519523163.81099701,5.20062109,0.15491851,1.81290017
1519523163.84434509,5.19191288,0.20823082,1.86363120
1519523163.87764192,5.18116153,0.26122866,1.91471274
1519523163.91094589,5.16763419,0.31384292,1.96787098
1519523163.94425893,5.14927147,0.37057391,2.02135198
1519523163.97764802,5.12677710,0.42569784,2.07501937
1519523164.01085901,5.10221995,0.47526051,2.12524794
1519523164.04416490,5.07680028,0.52095213,2.17344640
1519523164.07751894,5.04801091,0.56821907,2.22367638
1519523164.11089301,5.01959646,0.61631053,2.27438145
1519523164.14417291,4.98771069,0.66317187,2.32521162
1519523164.17748094,4.95323265,0.70862128,2.37725050
1519523164.21104693,4.91499048,0.75070678,2.43062271
1519523164.24405694,4.87725430,0.78809259,2.48406889
1519523164.27737308,4.83732605,0.82271456,2.53736445
1519523164.31115103,4.79556778,0.85509895,2.58658545
1519523164.34401894,4.73963425,0.88599851,2.63124992
1519523164.37727404,4.68237686,0.91436985,2.67341312
1519523164.41075301,4.62458112,0.93999576,2.71339641
1519523164.44417405,4.56596721,0.96230158,2.74587626
1519523164.47723889,4.50665985,0.98269220,2.77780306
1519523164.51062107,4.43349981,1.00712895,2.80908390
1519523164.54388905,4.36506266,1.04716257,2.84584879
1519523164.57724500,4.29299972,1.08532407,2.87670308
1519523164.61063290,4.21464249,1.10225418,2.89939170
1519523164.64385509,4.14916348,1.11413079,2.91240818
1519523164.67711496,4.08972009,1.12832905,2.93136883
1519523164.71075606,4.02854767,1.14171151,2.94997778
1519523164.74389505,3.96761387,1.15641238,2.96570729
1519523164.77699590,3.90526889,1.16347131,2.98075139
1519523164.81049299,3.83462506,1.17215161,2.99745832
1519523164.84363508,3.76384608,1.17965052,3.01423927
1519523164.87707710,3.69295123,1.18596068,3.03270847
1519523164.91055012,3.62652149,1.19307430,3.04267256
1519523164.94382000,3.55897754,1.18897953,3.05276156
1519523164.97692204,3.49201782,1.19441027,3.06150933
1519523165.01046801,3.42399206,1.19933701,3.07272918
1519523165.04357409,3.35708360,1.20555156,3.08232958
1519523165.07687092,3.29171151,1.21102896,3.09172525
1519523165.11069608,3.22618936,1.21280485,3.10206133
1519523165.14351201,3.16065236,1.21390342,3.11136381
1519523165.17687607,3.09510797,1.21439229,3.12377375
1519523165.21052909,3.02061736,1.22131531,3.13294274
1519523165.24418998,2.95846278,1.21275306,-3.14134205
1519523165.27694893,2.89530183,1.21139336,-3.13693836
1519523165.31007695,2.83214747,1.20975553,-3.13248531
1519523165.34342790,2.76695909,1.20781789,-3.12640954
1519523165.37672591,2.70177414,1.20611198,-3.11948317
1519523165.40993905,2.63700897,1.20396361,-3.11448879
1519523165.44328189,2.57306476,1.20196073,-3.10969186
1519523165.47663999,2.50911737,1.20007498,-3.10511669
1519523165.50993800,2.44134964,1.19775694,-3.10383905
1519523165.54322910,2.36851606,1.19080422,-3.10398672
1519523165.57653093,2.29568145,1.18386226,-3.10373679
1519523165.61043692,2.23360194,1.18351609,-3.09787858
1519523165.64322901,2.17152552,1.18280625,-3.09670936
1519523165.67646098,2.10121364,1.18165391,-3.09750518
1519523165.71030688,2.03113365,1.17528085,-3.09722131
1519523165.74329710,1.96605159,1.16910973,-3.09719079
1519523165.77662301,1.90318689,1.16303514,-3.09996849
1519523165.80995488,1.84037420,1.15548733,-3.09973406
1519523165.84310603,1.77559372,1.14866479,-3.10061223
1519523165.87641191,1.71080727,1.14189915,-3.10123487
1519523165.90973401,1.64569230,1.13941754,-3.10084547
1519523165.94310689,1.58013255,1.13689240,-3.09947382
1519523165.97634292,1.51446118,1.13700934,-3.10431479
1519523166.01007509,1.44830566,1.13277404,-3.10447745
1519523166.04294801,1.38512178,1.13331188,-3.10410057
1519523166.07629490,1.31896229,1.12919260,-3.10238360
1519523166.10967302,1.25572306,1.13098360,-3.10184863
1519523166.14288712,1.19370561,1.13364235,-3.10056204
1519523166.17616510,1.13168480,1.13622130,-3.09747839
1519523166.20986891,1.06711471,1.13465585,-3.09765669
1519523166.24279690,1.00258543,1.13216753,-3.09732864
1519523166.27607703,0.93812057,1.12822196,-3.09707420
1519523166.30990005,0.87235605,1.12259309,-3.09753005
1519523166.34271193,0.80651817,1.11860000,-3.09888387
1519523166.37610292,0.74360213,1.11628589,-3.09814190
1519523166.40971303,0.68175087,1.11397131,-3.09600470
1519523166.44266605,0.61885286,1.11123262,-3.09655910
1519523166.47595692,0.55257693,1.10837666,-3.09729397
1519523166.50962591,0.48619070,1.10801093,-3.09646362
1519523166.54254794,0.42042789,1.10761822,-3.09601037
1519523166.57595396,0.35584119,1.10522445,-3.09528768
1519523166.60946012,0.29153095,1.10279673,-3.09549162
1519523166.64258909,0.22733000,1.09800244,-3.09387821
1519523166.67586398,0.16200827,1.10133368,-3.09387506
1519523166.70927000,0.09690333,1.10012455,-3.09208787
1519523166.74339700,0.03180065,1.09879908,-3.09127207
1519523166.77576995,-0.03054517,1.09755928,-3.09069359
1519523166.80913210,-0.09408213,1.09570525,-3.09093795
1519523166.84249401,-0.15770942,1.09563941,-3.09209749
1519523166.87571001,-0.22120613,1.09301071,-3.09087941
1519523166.90896201,-0.28835529,1.09276238,-3.09109784
1519523166.94229293,-0.35268495,1.09002798,-3.08977745
1519523166.97564602,-0.41755166,1.08627471,-3.08953821
1519523167.00898290,-0.48234778,1.08116834,-3.08905125
1519523167.04234195,-0.54714141,1.07603042,-3.08948669
1519523167.07562590,-0.61064437,1.07336573,-3.08907143
1519523167.10888791,-0.67106109,1.07422932,-3.08363227
1519523167.14220309,-0.73148161,1.07476427,-3.08742627
1519523167.17577195,-0.79501351,1.07418290,-3.09763952
1519523167.20886397,-0.85843361,1.07164872,-3.10707707
1519523167.24216294,-0.92187480,1.06971318,-3.12128260
1519523167.27548695,-0.98524095,1.06778749,-3.13644648
1519523167.30902195,-1.04844482,1.06614093,3.12782692
1519523167.34211707,-1.11059892,1.06567517,3.10386504
1519523167.37547493,-1.17274633,1.06669874,3.07689837
1519523167.40878105,-1.23325194,1.06768002,3.05391439
1519523167.44210100,-1.29339882,1.07369420,3.02231525
1519523167.47554803,-1.35800680,1.07987377,2.98552056
1519523167.50871801,-1.42234373,1.08842585,2.94953637
1519523167.54199600,-1.48633133,1.09928701,2.91271856
1519523167.57526803,-1.54161999,1.10825288,2.89192850
1519523167.60888696,-1.59523349,1.11694581,2.85157544
1519523167.64192700,-1.64793845,1.12662701,2.80869912
1519523167.67522693,-1.70096122,1.13882853,2.76277069
1519523167.70885205,-1.75339307,1.15520351,2.72176971
1519523167.74216199,-1.80320314,1.17807090,2.67728873
1519523167.77513695,-1.85407675,1.19887828,2.67511333
1519523167.80844402,-1.90326213,1.22057001,2.63065893
1519523167.84185004,-1.95063469,1.24218882,2.58633631
1519523167.87531090,-1.99618035,1.26721122,2.53721857
1519523167.90866899,-2.04278028,1.29105442,2.49965451
1519523167.94173408,-2.08851065,1.31769603,2.45250301
1519523167.97497892,-2.13323219,1.34670874,2.40240127
1519523168.00877309,-2.17531658,1.37916217,2.35616106
1519523168.04163408,-2.21696260,1.41463301,2.30654223
1519523168.07496810,-2.25930721,1.44985421,2.24598285
1519523168.10871005,-2.29922254,1.48729891,2.19424011
1519523168.14162993,-2.33502093,1.52380029,2.14319503
1519523168.17497301,-2.36786155,1.56617691,2.09166614
1519523168.20817208,-2.40083914,1.60535823,2.03992982
1519523168.24149489,-2.42957353,1.64888273,1.99713082
1519523168.27490592,-2.45641938,1.69359681,1.94922205
1519523168.30920792,-2.48242402,1.74289286,1.90385373
1519523168.34149003,-2.50476609,1.79380193,1.85808392
1519523168.37478209,-2.52554810,1.84186199,1.81085314
1519523168.40845108,-2.54274250,1.89092421,1.76238313
1519523168.44142604,-2.55976576,1.94057004,1.71024674
1519523168.47470593,-2.57187745,1.99034383,1.65550337
1519523168.50839710,-2.58278001,2.04057564,1.60230346
1519523168.54129505,-2.59099608,2.09131612,1.55064155
1519523168.57464790,-2.59667642,2.14188423,1.49944135
1519523168.60818601,-2.60045108,2.19668156,1.44953067
1519523168.64133501,-2.60071239,2.24990951,1.40056535
1519523168.67454004,-2.59905930,2.30481180,1.35129911
1519523168.70809197,-2.59282972,2.35752559,1.29775601
1519523168.74123001,-2.58418786,2.40840242,1.24636533
1519523168.77450299,-2.57318689,2.45804584,1.19381644
1519523168.80781507,-2.55816391,2.50729651,1.14626347
1519523168.84125590,-2.54195992,2.55855584,1.09817807
1519523168.87439108,-2.52096688,2.60777869,1.05165963
1519523168.90777993,-2.49790564,2.65608525,1.00467125
1519523168.94118094,-2.47358484,2.70170693,0.96119474
1519523168.97440290,-2.44764883,2.74616644,0.91270639
1519523169.00765395,-2.42162825,2.79089350,0.86348969
1519523169.04108906,-2.39196749,2.83600733,0.81557899
1519523169.07436395,-2.36091702,2.88034255,0.76537043
1519523169.10758400,-2.32948955,2.92132565,0.71729268
1519523169.14095402,-2.29296572,2.95712483,0.67029935
1519523169.17425895,-2.24881866,2.99591080,0.62359979
1519523169.20759511,-2.20439567,3.03466009,0.57145379
1519523169.24094510,-2.16251902,3.06814402,0.52468193
1519523169.27419400,-2.11962153,3.09888044,0.47686546
1519523169.30738807,-2.07530392,3.12753131,0.43184203
1519523169.34077001,-2.03410510,3.15425531,0.37710046
1519523169.37411904,-1.99284968,3.18207828,0.32628999
1519523169.40744090,-1.94906461,3.20431300,0.27459197
1519523169.44079399,-1.90041146,3.22911126,0.22717467
1519523169.47402596,-1.85057360,3.25129874,0.17834945
1519523169.50746799,-1.80268120,3.27049221,0.12934278
1519523169.54062009,-1.75387648,3.28708908,0.08187578
1519523169.57400799,-1.69920481,3.29284160,0.03420120
1519523169.60724092,-1.64419174,3.29220129,-0.01411940
1519523169.64060903,-1.60812688,3.28917070,-0.05829812
1519523169.67393303,-1.57175746,3.29266455,-0.10771808
1519523169.70728707,-1.52847204,3.29362348,-0.15903558
1519523169.74050999,-1.48361090,3.28205346,-0.20130790
1519523169.77398300,-1.42750092,3.26619443,-0.24547281
1519523169.80716801,-1.36950096,3.25843096,-0.29133302
1519523169.84055996,-1.30910988,3.25738088,-0.34214948
1519523169.87405610,-1.25305603,3.25476259,-0.39107007
1519523169.90733194,-1.21115594,3.22682704,-0.43544183
1519523169.94052505,-1.17053624,3.19706042,-0.47827380
1519523169.97374892,-1.11692670,3.15968528,-0.52647572
1519523170.00735593,-1.06518027,3.11977047,-0.55352460
1519523170.04043388,-1.02063326,3.08224093,-0.56960218
1519523170.07370210,-0.97311030,3.04969388,-0.58572370
1519523170.10695696,-0.92607519,3.01635641,-0.58932711
1519523170.14028001,-0.87414003,2.97949307,-0.59243710
1519523170.17365193,-0.82106166,2.94433753,-0.60429937
1519523170.20691895,-0.77129739,2.91055262,-0.61042407
1519523170.24041390,-0.72297958,2.87733001,-0.61607096
1519523170.27356005,-0.67468282,2.84407142,-0.62289306
1519523170.30684304,-0.62657120,2.81117033,-0.63112551
1519523170.34021401,-0.57710297,2.77688746,-0.63906532
1519523170.37348604,-0.52800661,2.74208085,-0.64620413
1519523170.40720701,-0.47906092,2.70705598,-0.65292220
1519523170.44017100,-0.43000453,2.67509615,-0.66058503
1519523170.47354007,-0.38231368,2.64429205,-0.66811890
1519523170.50689602,-0.33485625,2.61312954,-0.67628515
1519523170.54019904,-0.28956694,2.57709483,-0.68182656
1519523170.57336307,-0.24377466,2.54023880,-0.68847579
1519523170.60667109,-0.19774583,2.50505074,-0.69978936
1519523170.63998795,-0.15144486,2.46877741,-0.70696397
1519523170.67339492,-0.10283514,2.42997721,-0.71376507
1519523170.70659900,-0.05405753,2.39134714,-0.72064536
1519523170.74013400,-0.00376069,2.35441626,-0.73238227
1519523170.77338195,0.04617955,2.31682538,-0.73514118
1519523170.80654311,0.09467055,2.27468579,-0.73583063
1519523170.84005904,0.14256523,2.23188632,-0.73797046
1519523170.87335110,0.18760412,2.19149807,-0.73997854
1519523170.90651202,0.23240447,2.15116312,-0.74105133
1519523170.93979597,0.27458969,2.10796944,-0.74261357
1519523170.97321606,0.31817547,2.07036249,-0.74416560
1519523171.00646400,0.36171894,2.02980987,-0.74660656
1519523171.03994203,0.40430293,1.98994715,-0.74708407
1519523171.07318997,0.44772786,1.94926762,-0.74702826
1519523171.10633707,0.48961786,1.90865572,-0.74812195
1519523171.13971806,0.53313478,1.86619576,-0.74980501
1519523171.17295790,0.57658018,1.82366262,-0.75015922
1519523171.20643497,0.62242682,1.78370700,-0.75089678
1519523171.24064994,0.66868764,1.74330352,-0.75144474
1519523171.27295899,0.71376194,1.70646027,-0.75040428
1519523171.30622005,0.76128723,1.66741447,-0.75042723
1519523171.33957791,0.81296977,1.62449056,-0.75156151
1519523171.37287402,0.86099187,1.57764325,-0.75059330
1519523171.40637994,0.90471553,1.53484685,-0.75007313
1519523171.43948388,0.94548232,1.49489601,-0.75015459
1519523171.47276592,0.98827521,1.45711953,-0.75167072
1519523171.50626302,1.03158868,1.41873804,-0.75347551
1519523171.53942299,1.07641345,1.37408658,-0.75280833
1519523171.57278109,1.12126801,1.32946503,-0.75161592
1519523171.60605407,1.16392156,1.28248513,-0.75219261
1519523171.63935208,1.20782070,1.24276483,-0.74910034
1519523171.67262006,1.25118229,1.20247054,-0.74783704
1519523171.70606804,1.29860201,1.15983635,-0.74737705
1519523171.73926592,1.34608139,1.11726720,-0.74764871
1519523171.77259588,1.38970772,1.07824704,-0.75987254
1519523171.80643392,1.43437045,1.04029262,-0.76013940
1519523171.83922410,1.47583030,0.99886111,-0.76155132
1519523171.87274599,1.52048258,0.96078093,-0.76117598
1519523171.90598607,1.56667613,0.91859420,-0.76625961
1519523171.93912792,1.61129070,0.87748589,-0.76722812
1519523171.97241211,1.65715344,0.83494295,-0.76654551
1519523172.00617290,1.70168165,0.79374441,-0.76489868
1519523172.03906202,1.74604927,0.75290625,-0.76377857
1519523172.07238889,1.79046261,0.71211782,-0.76514136
1519523172.10575390,1.83650669,0.66846448,-0.76503882
1519523172.13890004,1.88246398,0.62472078,-0.76489622
1519523172.17254210,1.92643090,0.58118753,-0.76464823
1519523172.20559001,1.97040861,0.53766518,-0.76412687
1519523172.23898196,2.01572398,0.49553790,-0.76517138
1519523172.27222204,2.06266903,0.45477224,-0.76451920
1519523172.30553102,2.10813477,0.41246709,-0.76388609
1519523172.33884406,2.15390193,0.36926394,-0.76355271
1519523172.37213898,2.19905700,0.32542155,-0.76389281
1519523172.40542603,2.24482387,0.28221809,-0.76360350
1519523172.43877506,2.29041697,0.23795193,-0.76378235
1519523172.47204804,2.33698346,0.19470230,-0.76268023
1519523172.50542998,2.38309574,0.15097882,-0.76323292
1519523172.53879309,2.42816766,0.10920726,-0.76193663
1519523172.57212305,2.47482652,0.06502756,-0.76164048
1519523172.60531306,2.52072266,0.02020760,-0.76122269
1519523172.63867903,2.56663753,-0.02459318,-0.76083811
1519523172.67202210,2.61334969,-0.06855693,-0.76132715
1519523172.70548511,2.65882701,-0.11138723,-0.76142325
1519523172.73909998,2.70429138,-0.15423116,-0.76143735
1519523172.77226090,2.74969184,-0.19701539,-0.76277165
1519523172.80519390,2.79503516,-0.23986015,-0.76317000
1519523172.83873391,2.83879843,-0.28059329,-0.76042576
1519523172.87179399,2.88622220,-0.32458211,-0.76097276
1519523172.90516996,2.93362190,-0.36859685,-0.75933283
1519523172.93848205,2.98198889,-0.41320486,-0.75042861
1519523172.97204304,3.02728045,-0.46110280,-0.73612525
1519523173.00509501,3.07060758,-0.50347858,-0.71190191
1519523173.03835511,3.11074856,-0.54358949,-0.68163978
1519523173.07182789,3.15095963,-0.58385423,-0.64426298
1519523173.10512805,3.19264724,-0.62258823,-0.53048066
1519523173.13839412,3.23620129,-0.65600979,-0.49302959
1519523173.17177892,3.28166132,-0.68426388,-0.45380211
1519523173.20527411,3.32853065,-0.71002407,-0.41621494
1519523173.23820090,3.38120411,-0.72728496,-0.37490961
1519523173.27178311,3.43946163,-0.72986316,-0.33498651
1519523173.30495095,3.50604039,-0.73299111,-0.29620472
1519523173.33833289,3.56005494,-0.73891788,-0.24732453
1519523173.37175107,3.59451005,-0.75260399,-0.20511278
1519523173.40480995,3.62912869,-0.76666650,-0.15518921
1519523173.43833089,3.66614055,-0.77925529,-0.10688174
1519523173.47140408,3.70691997,-0.78870798,-0.05939652
1519523173.50478005,3.74917176,-0.79461287,-0.01191685
1519523173.53803802,3.79310041,-0.79695710,0.03546679
1519523173.57216811,3.83696473,-0.79323749,0.08259142
1519523173.60460997,3.88112306,-0.78669729,0.12857521
1519523173.63794994,3.92445156,-0.77891555,0.17499600
1519523173.67145801,3.96604525,-0.76646664,0.22359233
1519523173.70463395,4.00698510,-0.75201193,0.26712068
1519523173.73809695,4.04581319,-0.73051284,0.31046098
1519523173.77143192,4.08422450,-0.70717481,0.35038610
1519523173.80455804,4.12580393,-0.69362355,0.39723767
1519523173.83786201,4.16811633,-0.68123992,0.44446406
1519523173.87141895,4.20979400,-0.66686640,0.49308280
1519523173.90449500,4.25131924,-0.65096018,0.54368955
1519523173.93774199,4.28963216,-0.63357791,0.59584957
1519523173.97157311,4.32661804,-0.61210123,0.64211085
1519523174.00446892,4.36186249,-0.58946710,0.69182348
1519523174.03782201,4.39755838,-0.56780728,0.74145326
1519523174.07103801,4.43213579,-0.54440327,0.79276814
1519523174.10450602,4.46546725,-0.51925652,0.84100243
1519523174.13765812,4.49673936,-0.49122260,0.89326538
1519523174.17113590,4.52925603,-0.46380732,0.94241630
1519523174.20430303,4.55752931,-0.43275145,0.99191594
1519523174.23764110,4.58345493,-0.39952261,1.03850342
1519523174.27092004,4.60844003,-0.36291403,1.08598290
1519523174.30439401,4.63165947,-0.32516088,1.13769027
1519523174.33757091,4.65490111,-0.29081574,1.19216489
1519523174.37088490,4.67696720,-0.25554610,1.24390265
1519523174.40415502,4.69704194,-0.21913575,1.29550497
1519523174.43753695,4.71601902,-0.17888110,1.34737899
1519523174.47089100,4.73027027,-0.13924721,1.39765296
1519523174.50412202,4.74251179,-0.09894724,1.44774661
1519523174.53749990,4.75568397,-0.06116263,1.49975005
1519523174.57072401,4.76687431,-0.02274442,1.55065056
1519523174.60402203,4.77449001,0.01462505,1.60252913
1519523174.63736796,4.77764541,0.05580194,1.65360750
1519523174.67096996,4.78138013,0.09375623,1.70589835
1519523174.70411491,4.78291174,0.13530695,1.76055266
1519523174.73723412,4.78217127,0.17687929,1.81148189
1519523174.77093196,4.77734240,0.22195228,1.86203993
1519523174.80388093,4.76796745,0.26604183,1.91067661
1519523174.83728695,4.75622122,0.31029890,1.95906181
1519523174.87081099,4.74438110,0.35008582,2.01004401
1519523174.90394306,4.73014783,0.39184418,2.05821874
1519523174.93719792,4.71424964,0.43304333,2.10791438
1519523174.97051692,4.69602335,0.47390756,2.15449370
1519523175.00393200,4.67442755,0.51296836,2.20145938
1519523175.03712010,4.65105684,0.55092411,2.24949361
1519523175.07065296,4.62676450,0.58849522,2.29647326
1519523175.10368299,4.59989532,0.62583000,2.34003532
1519523175.13703108,4.56658525,0.66046194,2.38595754
1519523175.17061591,4.53172048,0.69352823,2.43305715
1519523175.20372605,4.49729001,0.72582545,2.48157840
1519523175.23697305,4.46695927,0.75941441,2.53333938
1519523175.27039695,4.43279355,0.79287772,2.58574284
1519523175.30363703,4.38957057,0.82587148,2.63400154
1519523175.33698392,4.34275986,0.85306244,2.68633691
1519523175.37060094,4.30119369,0.87818898,2.73715799
1519523175.40350890,4.25711339,0.89815448,2.78632697
1519523175.43689299,4.21324662,0.91900623,2.83511830
1519523175.47013211,4.16909710,0.93767673,2.88184232
1519523175.50341105,4.12412371,0.95426475,2.92559713
1519523175.53676105,4.07395574,0.96688434,2.96043238
1519523175.57018089,4.02169454,0.97615203,2.98736745
1519523175.60370898,3.95585877,0.98531622,3.00578204
1519523175.63675690,3.88540907,0.99387555,3.02499913
1519523175.66999412,3.81506999,1.00331715,3.04063884
1519523175.70339489,3.74267653,1.01214842,3.05790977
1519523175.73664093,3.66379786,1.02026022,3.07399252
1519523175.76992202,3.58475304,1.02642460,3.08700721
1519523175.80330396,3.52044654,1.02985854,3.09814492
1519523175.83655810,3.45614447,1.03346578,3.10680147
1519523175.86999106,3.38883581,1.03572880,3.11952156
1519523175.90335989,3.32010241,1.03412121,3.12823083
1519523175.93664193,3.25138562,1.03191507,3.13359768
1519523175.97009397,3.18371276,1.03284173,-3.13931155
1519523176.00314307,3.11603395,1.03307295,-3.12852754
1519523176.03656507,3.04918158,1.03674003,-3.11810946
1519523176.06983995,2.98528436,1.03285571,-3.11137733
1519523176.10309196,2.92137847,1.02974132,-3.10869870
1519523176.13644099,2.85748115,1.02645577,-3.10692222
1519523176.16980004,2.79363391,1.02453140,-3.10696273
1519523176.20311403,2.72978659,1.02260963,-3.10527342
1519523176.23636889,2.66576960,1.02534148,-3.10451835
1519523176.26978207,2.60031971,1.02372575,-3.10126596
1519523176.30294108,2.53487542,1.02189715,-3.10074235
1519523176.33633900,2.46944777,1.01965109,-3.09988649
1519523176.36966801,2.40458934,1.01737271,-3.09905325
1519523176.40306306,2.34402809,1.01740382,-3.09635433
1519523176.43619108,2.28346699,1.01727149,-3.09574412
1519523176.46973395,2.22210977,1.01706566,-3.09552050
1519523176.50284195,2.15535063,1.01194548,-3.09497779
1519523176.53618193,2.09383982,1.01498875,-3.09510507
1519523176.56954694,2.03251047,1.01221052,-3.09248342
1519523176.60279894,1.97118862,1.00927152,-3.09207329
1519523176.63606811,1.90767190,1.00619853,-3.09092262
1519523176.66978598,1.84377019,1.00394693,-3.09073569
1519523176.70266008,1.77513574,1.00144247,-3.09084890
1519523176.73596597,1.70655849,0.99781393,-3.09304739
1519523176.76949692,1.64517924,0.99468625,-3.09290474
1519523176.80268908,1.58380044,0.99154982,-3.09159706
1519523176.83594704,1.51841326,0.99063000,-3.09109742
1519523176.86946106,1.45287926,0.99259211,-3.09024012
1519523176.90525198,1.39056756,0.99466375,-3.08857249
1519523176.93587804,1.32852015,0.99158809,-3.08786823
1519523176.96930695,1.26647492,0.98846875,-3.08723180
1519523177.00252295,1.20110213,0.98316774,-3.08669420
1519523177.03583598,1.13492734,0.97659415,-3.08709235
1519523177.06919289,1.06874994,0.97004691,-3.08911335
1519523177.10244298,1.00247865,0.96357918,-3.08868251
1519523177.13589406,0.94000248,0.96191227,-3.08970441
1519523177.16913891,0.87654036,0.95959171,-3.09267588
1519523177.20246601,0.81303908,0.95812443,-3.09681196
1519523177.23576808,0.74956206,0.95625498,-3.10129449
1519523177.26904798,0.68772084,0.95879889,-3.10473763
1519523177.30223989,0.62607329,0.95655069,-3.10707657
1519523177.33563495,0.56023057,0.95775684,-3.11442606
1519523177.36904097,0.49454606,0.95401667,-3.11848662
1519523177.40225506,0.42884689,0.95054325,-3.12343780
1519523177.43556595,0.36482818,0.94742597,-3.12875516
1519523177.46887302,0.30081120,0.94329253,-3.13217529
1519523177.50235295,0.23762855,0.94642214,-3.13966418
1519523177.53555489,0.17448550,0.94255619,3.13940744
1519523177.56920004,0.10642241,0.93896073,3.13351260
1519523177.60215402,0.03833930,0.93576656,3.12600252
1519523177.63549590,-0.02533210,0.93652064,3.12057892
1519523177.66879511,-0.08624028,0.93756206,3.11589961
1519523177.70210695,-0.14712674,0.93951807,3.11049113
1519523177.73544407,-0.21161641,0.94119403,3.10621469
1519523177.76880693,-0.28051973,0.94402413,3.10056548
1519523177.80223799,-0.34943556,0.94652261,3.09548669
1519523177.83536100,-0.41032683,0.95033271,3.09017319
1519523177.86901808,-0.47119226,0.95446605,3.08439095
1519523177.90241504,-0.53203277,0.95895127,3.08107885
1519523177.93541598,-0.59218159,0.96517642,3.07585319
1519523177.96866989,-0.65632533,0.96961508,3.07196962
1519523178.00191903,-0.71573248,0.97421306,3.06428630
1519523178.03525996,-0.77784297,0.97748090,3.05918553
1519523178.06877995,-0.83857989,0.98295303,3.05443655
1519523178.10216498,-0.90055570,0.98797084,3.04933972
1519523178.13531709,-0.96730100,0.99605175,3.04168034
1519523178.16899395,-1.03421125,1.00236129,3.03623331
1519523178.20223498,-1.09643007,1.01079768,3.03053481
1519523178.23521996,-1.15736555,1.01945084,3.02630887
1519523178.26841092,-1.21826392,1.02836143,3.02267152
1519523178.30178690,-1.28156859,1.03466088,3.01522222
1519523178.33505106,-1.34482458,1.04143172,3.00946047
1519523178.36839700,-1.40472564,1.04977667,3.00389953
1519523178.40169501,-1.46372307,1.05833595,2.99409873
1519523178.43504000,-1.52263378,1.06747302,2.97878285
1519523178.46829700,-1.58145399,1.07853534,2.95395794
1519523178.50165510,-1.64249432,1.09153142,2.93528027
1519523178.53493905,-1.70345767,1.10482247,2.89897070
1519523178.56824207,-1.76225699,1.11533943,2.86112485
1519523178.60158396,-1.81678638,1.12688394,2.81956678
1519523178.63488412,-1.86903403,1.13945876,2.78192749
1519523178.66828108,-1.92247916,1.15528115,2.74091012
1519523178.70152998,-1.97067158,1.17271237,2.74026487
1519523178.73479605,-2.01515741,1.18860653,2.69446166
1519523178.76814699,-2.05925899,1.20512242,2.64721671
1519523178.80141306,-2.10253136,1.22370268,2.59852069
1519523178.83477306,-2.14470020,1.24461216,2.54992942
1519523178.86807799,-2.18611743,1.26775605,2.49260183
1519523178.90137196,-2.22322637,1.29050656,2.44265072
1519523178.93475389,-2.26304382,1.31662378,2.39367389
1519523178.96802711,-2.30133900,1.34628157,2.33956119
1519523179.00138807,-2.33638299,1.37990950,2.29062880
1519523179.03464508,-2.36954908,1.41499330,2.24044795
1519523179.06796002,-2.40194299,1.44885629,2.18812759
1519523179.10123301,-2.43181776,1.48337547,2.13777547
1519523179.13458896,-2.45695503,1.52124064,2.09166442
1519523179.16789889,-2.47975354,1.55923658,2.03493082
1519523179.20121789,-2.50470670,1.59880709,1.98479377
1519523179.23461890,-2.52856596,1.63671405,1.93799060
1519523179.26777005,-2.55011919,1.67675957,1.88706335
1519523179.30113697,-2.56960595,1.71785035,1.83815163
1519523179.33443809,-2.58706039,1.75984474,1.78777028
1519523179.36774611,-2.59996902,1.80242298,1.73482786
1519523179.40108299,-2.61402979,1.84277824,1.68127719
1519523179.43438005,-2.62229602,1.88371212,1.62883040
1519523179.46766496,-2.63119312,1.92002710,1.57676794
1519523179.50093508,-2.63818353,1.95594407,1.52106368
1519523179.53448200,-2.64326201,1.99021349,1.46583185
1519523179.56758690,-2.64525977,2.02505331,1.41391525
1519523179.60135198,-2.64470893,2.05983314,1.36237064
1519523179.63424802,-2.64236690,2.09453839,1.30975016
1519523179.66757393,-2.64272116,2.13245086,1.25605312
1519523179.70086908,-2.64168440,2.16834867,1.19938855
1519523179.73416090,-2.63297728,2.20193386,1.15148069
1519523179.76746798,-2.62338467,2.23346422,1.10156982
1519523179.80076504,-2.61309153,2.26491305,1.05187463
1519523179.83414888,-2.60022655,2.29795387,1.00115017
1519523179.86740088,-2.58555581,2.33020572,0.94655679
1519523179.90081406,-2.57083940,2.36080504,0.89883255
1519523179.93406010,-2.55277787,2.38915443,0.85082113
1519523179.96729994,-2.53273936,2.41628233,0.80396253
1519523180.00061893,-2.51105880,2.44285003,0.75769949
1519523180.03393292,-2.48809535,2.46901041,0.71090417
1519523180.06738210,-2.46597105,2.49643440,0.66405488
1519523180.10066795,-2.44174334,2.51948662,0.61509929
1519523180.13410306,-2.41815161,2.54378131,0.56937229
1519523180.16740298,-2.39113451,2.56343971,0.52175204
1519523180.20054698,-2.36320937,2.58178476,0.47649767
1519523180.23404694,-2.33394513,2.59912530,0.43197628
1519523180.26712298,-2.30213371,2.61799151,0.38222906
1519523180.30075502,-2.26942348,2.63525250,0.33811484
1519523180.33380008,-2.23559109,2.64993712,0.29382182
1519523180.36725497,-2.20304861,2.66253228,0.25007962
1519523180.40042901,-2.16019865,2.67619245,0.20454345
1519523180.43368292,-2.12351611,2.68661828,0.16063284
1519523180.46727490,-2.07889859,2.69664110,0.12027543
1519523180.50042892,-2.02973033,2.70536111,0.08555590
1519523180.53368092,-1.97582312,2.71005555,0.05146431
1519523180.56698895,-1.92178722,2.71290983,0.03244955
1519523180.60035896,-1.85902327,2.71083759,0.00806664
1519523180.63358688,-1.79639683,2.71570609,-0.01069364
1519523180.66690803,-1.73372765,2.71588603,-0.03298398
1519523180.70031309,-1.68070436,2.71498701,-0.05348047
1519523180.73356009,-1.60748813,2.71031934,-0.07144969
1519523180.76688409,-1.54279373,2.70493992,-0.08975340
1519523180.80056405,-1.47817702,2.69872836,-0.10967598
1519523180.83349991,-1.41655514,2.69154553,-0.13125286
1519523180.86677909,-1.35502849,2.68359604,-0.15134309
1519523180.90014195,-1.29264279,2.67314283,-0.17051177
1519523180.93340611,-1.22954355,2.66245196,-0.18961095
1519523180.96669507,-1.16694747,2.64906010,-0.20987768
1519523181.00035691,-1.10353296,2.63957899,-0.23031584
1519523181.03344488,-1.04361009,2.62107733,-0.25083720
1519523181.06674910,-0.98333306,2.60837602,-0.26755689
1519523181.10009098,-0.92439638,2.59058457,-0.28285566
1519523181.13328791,-0.86573879,2.57189359,-0.29582072
1519523181.16661310,-0.81022433,2.55251206,-0.30572094
1519523181.20052505,-0.75490448,2.53258188,-0.31211007
1519523181.23324800,-0.69926053,2.51370130,-0.31714879
1519523181.26653004,-0.64317537,2.49436430,-0.32046560
1519523181.29998493,-0.57692481,2.47141195,-0.32088159
1519523181.33315706,-0.51937546,2.45132086,-0.32262444
1519523181.36644506,-0.45782407,2.42987315,-0.32425532
1519523181.39977193,-0.39617109,2.40873169,-0.32419708
1519523181.43312693,-0.33424673,2.38839768,-0.32382911
1519523181.46649909,-0.27367073,2.36854155,-0.32406430
1519523181.49970698,-0.21309940,2.34867116,-0.32344915
1519523181.53306699,-0.15372155,2.32847487,-0.32331616
1519523181.56626606,-0.08286726,2.30444193,-0.32246918
1519523181.59965897,-0.02402982,2.28402538,-0.32306273
1519523181.63300300,0.03479549,2.26357391,-0.32297992
1519523181.66623902,0.09306319,2.24261406,-0.32322605
1519523181.70017099,0.15258235,2.22539130,-0.32306608
1519523181.73299909,0.21109774,2.20517165,-0.32378427
1519523181.76636100,0.28407305,2.18090511,-0.32316442
1519523181.79954290,0.34308393,2.16136561,-0.32336593
1519523181.83288193,0.40209088,2.14181421,-0.32353019
1519523181.86607909,0.46143036,2.12325439,-0.32261402
1519523181.89960909,0.52143832,2.10321406,-0.32236944
1519523181.93267012,0.58708961,2.08248875,-0.32136180
1519523181.96605802,0.65197315,2.05946075,-0.32136968
1519523181.99930692,0.71764513,2.03880109,-0.32151935
1519523182.03267097,0.78820299,2.01367080,-0.32053008
1519523182.06600189,0.84598527,1.99400132,-0.31983053
1519523182.09924698,0.91692610,1.97001870,-0.31971217
1519523182.13264298,0.97441994,1.95094399,-0.31964280
1519523182.16586494,1.03191510,1.93187328,-0.31939738
1519523182.19934607,1.08624192,1.91386606,-0.31881215
1519523182.23251605,1.14071363,1.89629770,-0.31851241
1519523182.26587296,1.19611844,1.87843972,-0.31929522
1519523182.29922795,1.27129402,1.85267108,-0.32017719
1519523182.33251810,1.33237836,1.83150107,-0.31972135
1519523182.36582589,1.39454334,1.81064082,-0.32082203
1519523182.39917397,1.45668532,1.78971215,-0.32087955
1519523182.43239999,1.51887743,1.76893437,-0.31900565
1519523182.46583509,1.58079105,1.74837798,-0.31810360
1519523182.49904108,1.64153326,1.72826927,-0.31870696
1519523182.53240204,1.70207006,1.70753813,-0.31913759
1519523182.56569600,1.75628139,1.68886811,-0.31846543
1519523182.59906411,1.81052607,1.67029766,-0.31806199
1519523182.63218904,1.86797366,1.65069703,-0.31850937
1519523182.66561103,1.92904534,1.62950844,-0.31812788
1519523182.69896293,1.98845199,1.60889413,-0.31721514
1519523182.73219395,2.04893633,1.58844266,-0.31788244
1519523182.76552200,2.10961733,1.56858999,-0.31772891
1519523182.79895091,2.17030138,1.54874665,-0.31768234
1519523182.83211899,2.23245723,1.52829787,-0.31603630
1519523182.86553311,2.29407962,1.50621734,-0.31646435
1519523182.89881611,2.35619574,1.48564706,-0.31599372
1519523182.93209291,2.41906862,1.46486175,-0.31635621
1519523182.96542001,2.47712105,1.44562916,-0.31403721
1519523182.99872494,2.53484188,1.42537341,-0.31460941
1519523183.03202391,2.59255111,1.40508465,-0.31597452
1519523183.06534505,2.65562708,1.38412559,-0.31684610
1519523183.09864092,2.72221320,1.36257387,-0.31605645
1519523183.13206410,2.78910624,1.34196127,-0.31349693
1519523183.16534710,2.85352194,1.32234010,-0.31396151
1519523183.19858289,2.91285605,1.30368095,-0.31337300
1519523183.23187399,2.97245270,1.28484280,-0.31332405
1519523183.26531911,3.03205028,1.26600758,-0.31325499
1519523183.29852390,3.09136218,1.24629051,-0.31046183
1519523183.33196092,3.14522679,1.22836817,-0.31332041
1519523183.36522698,3.19903995,1.21029192,-0.32194453
1519523183.39855003,3.25788456,1.19010071,-0.34411995
1519523183.43190908,3.32449064,1.16771152,-0.36969885
1519523183.46573305,3.39469094,1.14594051,-0.40313124
1519523183.49838996,3.46412429,1.12183514,-0.43752091
1519523183.53180695,3.51830383,1.10134559,-0.47357322
1519523183.56503201,3.57002948,1.07977750,-0.51483955
1519523183.59836888,3.62490492,1.06331214,-0.55158100
1519523183.63180089,3.67913850,1.04484216,-0.60015646
1519523183.66498399,3.71894133,1.02508598,-0.64142684
1519523183.69830489,3.75727918,1.00395993,-0.68482270
1519523183.73181200,3.78981523,0.98320797,-0.72782433
1519523183.76494098,3.82076100,0.96167182,-0.77123783
1519523183.79827690,3.84822216,0.94322376,-0.81666432
1519523183.83169603,3.87481725,0.92354770,-0.86833097
1519523183.86484790,3.90289012,0.90392341,-0.91729507
1519523183.89860201,3.92642859,0.88023769,-0.96844974
1519523183.93159199,3.94937902,0.85700703,-1.01554177
1519523183.96486902,3.96587325,0.83800081,-1.06561432
1519523184.09804010,3.98292905,0.81904097,-1.18434670
1519523184.13180590,3.99772571,0.78760974,-1.23221668
1519523184.16470504,4.01604299,0.75542629,-1.27821641
1519523184.19794607,4.02872533,0.71976891,-1.32599064
1519523184.23152900,4.03735753,0.68424619,-1.36786513
1519523184.26479292,4.04449510,0.64839326,-1.41265241
1519523184.29788589,4.05324384,0.61401631,-1.46432293
1519523184.33149600,4.06035067,0.57924892,-1.51010328
1519523184.36447096,4.06585895,0.54419272,-1.55775267
1519523184.39779806,4.07064541,0.51084367,-1.60522007
1519523184.43132401,4.07393216,0.47986266,-1.65385496
1519523184.46469593,4.07414232,0.44888890,-1.70060371
1519523184.49780893,4.07264958,0.41598423,-1.74594318
1519523184.53113699,4.07112872,0.38060872,-1.79281568
1519523184.56436610,4.06876810,0.34749468,-1.83546699
1519523184.59776711,4.06315929,0.30772838,-1.87222112
1519523184.63107204,4.05730990,0.27128032,-1.90056658
1519523184.66430712,4.04226002,0.22658704,-1.92051048
1519523184.69792509,4.02719978,0.18185524,-1.93095150
1519523184.73091602,4.01078999,0.13761576,-1.93327839
1519523184.76426101,3.99308167,0.09001785,-1.92913221
1519523184.79780197,3.97211938,0.03313086,-1.92734255
1519523184.83095002,3.95110537,-0.02420587,-1.92817391
1519523184.86419296,3.93173276,-0.08168617,-1.92586676
1519523184.89741802,3.91272488,-0.13216280,-1.92295337
1519523184.93098688,3.89386414,-0.18269460,-1.92120653
1519523184.96470809,3.87369997,-0.23706706,-1.91966201
1519523184.99753308,3.85536575,-0.29210568,-1.92285536
1519523185.03085589,3.83685587,-0.34708546,-1.93528145
1519523185.06422400,3.81583756,-0.40285206,-1.95800745
1519523185.09744096,3.79355743,-0.45812663,-1.99113926
1519523185.13083911,3.77629298,-0.51282654,-2.03227113
1519523185.16416693,3.75829779,-0.56403081,-2.07093604
1519523185.19754291,3.73822545,-0.61444038,-2.11325023
1519523185.23073912,3.71479835,-0.65934608,-2.15077291
1519523185.26407290,3.69083864,-0.70147720,-2.19160236
1519523185.29729795,3.66517918,-0.74259522,-2.23674381
1519523185.33074903,3.64324083,-0.77987288,-2.28251899
1519523185.36386991,3.62371036,-0.81136493,-2.32879991
1519523185.39723802,3.60274385,-0.84191969,-2.37682156
1519523185.43058109,3.58084531,-0.86915567,-2.42854824
1519523185.46388292,3.55817437,-0.89589794,-2.47090338
1519523185.49713802,3.53496845,-0.92119848,-2.52086842
1519523185.53044009,3.51111558,-0.94613040,-2.57060353
1519523185.56380010,3.48605272,-0.96984565,-2.62122202
1519523185.59710598,3.45832658,-0.98839107,-2.66873400
1519523185.63051510,3.42843220,-1.00627334,-2.70615899
1519523185.66371298,3.39968541,-1.02489194,-2.75440903
1519523185.69701099,3.36929579,-1.04241973,-2.80468961
1519523185.73027706,3.33877133,-1.05787586,-2.85269346
1519523185.76369309,3.31018163,-1.06983267,-2.90095687
1519523185.79696798,3.28104837,-1.08039626,-2.76959296
1519523185.83020210,3.25415835,-1.09663212,-2.81759387
1519523185.86364794,3.21979164,-1.11381872,-2.86530575
1519523185.89696503,3.18458887,-1.12915105,-2.91243655
1519523185.93040395,3.15436197,-1.14038748,-2.95995486
1519523185.96350408,3.12377711,-1.15094671,-2.99290575
1519523185.99684000,3.08864123,-1.16112469,-3.04036650
1519523186.03006101,3.05176517,-1.16975598,-3.08670724
1519523186.06364202,3.01456740,-1.17737124,-3.13337261
1519523186.09675908,2.98865838,-1.17782173,3.09959974
1519523186.13006902,2.96271460,-1.17803752,3.05910340
1519523186.16332698,2.93329754,-1.17691460,3.01049787
1519523186.19675899,2.90381702,-1.17552228,2.96164472
1519523186.23022699,2.87323620,-1.17475700,2.91037909
1519523186.26332998,2.83915435,-1.17158274,2.86107756
1519523186.29663610,2.80540239,-1.16627439,2.81348879
1519523186.33000994,2.76868907,-1.15825941,2.77355824
1519523186.36349702,2.73255235,-1.14315356,2.73271112
1519523186.39663291,2.69315231,-1.12489029,2.69864207
1519523186.43013096,2.65651373,-1.10517913,2.67031984
1519523186.46351910,2.61284087,-1.08056197,2.65462473
1519523186.49648190,2.56150857,-1.05560424,2.63784262
1519523186.53009510,2.50902811,-1.02892093,2.61673053
1519523186.56312799,2.45995281,-0.99981868,2.60851343
1519523186.59639907,2.40975220,-0.96910847,2.59566103
1519523186.62981701,2.35810573,-0.93703762,2.58286894
1519523186.66304588,2.30705616,-0.90401692,2.57350708
1519523186.69636202,2.25604440,-0.87342141,2.56787970
1519523186.72989798,2.20572791,-0.84182548,2.56202587
1519523186.76305699,2.15524857,-0.81046822,2.55944803
1519523186.79635906,2.10512090,-0.77839691,2.55906594
1519523186.82985401,2.05245812,-0.74309361,2.56021329
1519523186.86291504,2.00240921,-0.70959502,2.55897607
1519523186.89636302,1.95240178,-0.67603454,2.55824398
1519523186.92967701,1.90382995,-0.64336887,2.55970293
1519523186.96284890,1.85474815,-0.61147692,2.56104516
1519523186.99614692,1.80369125,-0.57838337,2.56226185
1519523187.02954698,1.75276501,-0.54509076,2.56416728
1519523187.06291294,1.70204976,-0.51165459,2.56589653
1519523187.09611702,1.65108546,-0.47860092,2.56902400
1519523187.12951708,1.59989592,-0.44589624,2.57146105
1519523187.16280603,1.54689576,-0.41220653,2.57066931
1519523187.19607592,1.49663677,-0.37832220,2.57227664
1519523187.22961307,1.44330313,-0.34258573,2.57362827
1519523187.26258993,1.39259635,-0.31023405,2.57521924
1519523187.29618406,1.33770238,-0.27533330,2.57756261
1519523187.32925701,1.28337328,-0.24122108,2.58065673
1519523187.36262608,1.22664000,-0.20551863,2.58411305
1519523187.39591503,1.17222938,-0.17153724,2.58687783
1519523187.42936897,1.11527509,-0.13618842,2.59456977
1519523187.46257091,1.05870980,-0.09757892,2.61058812
1519523187.49582696,0.99932893,-0.06363410,2.63564597
1519523187.52916908,0.94533211,-0.03463165,2.66648565
1519523187.56251597,0.89046669,-0.00730797,2.70021631
1519523187.59581494,0.83910325,0.02212924,2.74036392
1519523187.62917900,0.78608107,0.04970119,2.78428771
1519523187.66238594,0.73189935,0.07491836,2.82662035
1519523187.69572401,0.67649247,0.09718614,2.87225039
1519523187.72908092,0.62148282,0.11652928,2.91811909
1519523187.76225996,0.56536809,0.13211534,2.96433010
1519523187.79564905,0.50859328,0.14509256,3.00906295
1519523187.82898593,0.44720772,0.15652932,3.05091898
1519523187.86235690,0.38087055,0.16579904,3.08750246
1519523187.89563298,0.31293262,0.17270698,3.11858630
1519523187.92890310,0.24483596,0.17850610,-3.14044460
1519523187.96220803,0.17421075,0.18265608,-3.12045738
1519523187.99551201,0.10848631,0.18006020,-3.10647364
1519523188.02901292,0.04280459,0.17654554,-3.09631544
1519523188.06226301,-0.02283804,0.17236385,-3.08985306
1519523188.09550095,-0.08487969,0.16893391,-3.08426310
1519523188.12873411,-0.15256190,0.16367612,-3.08073354
1519523188.16214705,-0.21456969,0.15968053,-3.07789741
1519523188.19542909,-0.28240776,0.15698192,-3.07455049
1519523188.22893596,-0.36098217,0.15333477,-3.07223691
1519523188.26217604,-0.43924616,0.14516182,-3.07229596
1519523188.29538488,-0.49681947,0.13842962,-3.07725784
1519523188.32882500,-0.55461755,0.13496484,-3.07727896
1519523188.36203408,-0.61435887,0.13255214,-3.07735856
1519523188.39553690,-0.67527596,0.12889259,-3.07544127
1519523188.42883992,-0.73615962,0.12471945,-3.07528063
1519523188.46192908,-0.80088052,0.12028166,-3.07783682
1519523188.49520493,-0.87068163,0.11316351,-3.07927273
1519523188.52885795,-0.93614509,0.10909307,-3.07685606
1519523188.56186795,-1.00159852,0.10486444,-3.07714016
1519523188.59523702,-1.06201211,0.10236166,-3.07780984
1519523188.62864900,-1.12242736,0.09989933,-3.07769823
1519523188.66187191,-1.18130209,0.09752881,-3.07736200
1519523188.69506097,-1.25427717,0.09030746,-3.07537459
1519523188.72844100,-1.31346546,0.09261398,-3.07856187
1519523188.76174688,-1.37152700,0.09170988,-3.08375022
1519523188.79501390,-1.42959246,0.09110703,-3.08448845
1519523188.82901812,-1.49103864,0.08939061,-3.08578444
1519523188.86165094,-1.55398015,0.08501864,-3.08579760
1519523188.89600801,-1.61542852,0.08338265,-3.09054314
1519523188.92828608,-1.67972784,0.07420502,-3.09082110
1519523188.96163297,-1.74669864,0.06552672,-3.09543363
1519523188.99489188,-1.81370876,0.05715741,-3.10260570
1519523189.02824903,-1.87978096,0.05235875,-3.10810936
1519523189.06170392,-1.94180803,0.04988058,-3.11223384
1519523189.09500790,-2.00384479,0.04765827,-3.11577488
1519523189.12813592,-2.07374812,0.04943646,-3.12325907
1519523189.26153708,-2.15480258,0.04444835,-3.13742066
1519523189.29478908,-2.23593927,0.04533412,3.13713725
1519523189.32804489,-2.30218911,0.04212792,3.13056482
1519523189.36131096,-2.36402569,0.03582842,3.11672770
1519523189.39483690,-2.42771654,0.02262585,3.09443164
1519523189.42795897,-2.49019382,0.00895576,3.06620518
1519523189.46141005,-2.55273870,-0.00296776,3.02847671
1519523189.49506092,-2.61442202,-0.00137236,2.99481626
1519523189.52798200,-2.67601670,0.00229804,2.95914029
1519523189.56125307,-2.73678445,0.01255611,2.91870651
1519523189.59464598,-2.78895395,0.01656377,2.88338098
1519523189.62782907,-2.84194740,0.02267505,2.83964920
1519523189.66125798,-2.89519112,0.02927324,2.79685202
1519523189.69446111,-2.94810380,0.03814338,2.74692044
1519523189.72774291,-2.99176449,0.05286836,2.70514522
1519523189.76126194,-3.03468116,0.06936146,2.66065883
1519523189.79462695,-3.07775066,0.08596689,2.61399014
1519523189.82768607,-3.12141201,0.10538711,2.56684486
1519523189.86103606,-3.16534740,0.12617081,2.52188618
1519523189.89438701,-3.20789697,0.15230708,2.46459913
1519523189.92763090,-3.25213350,0.17678890,2.41836250
1519523189.96095204,-3.28874820,0.20505144,2.36685699
1519523189.99429488,-3.32720894,0.23173970,2.31833084
1519523190.02753592,-3.36014856,0.26279514,2.26423007
1519523190.06090212,-3.39295288,0.29037256,2.22712114
1519523190.09446812,-3.42374835,0.31988989,2.17442788
1519523190.12756300,-3.45435940,0.35303753,2.12295081
1519523190.16079497,-3.48322431,0.38771633,2.07252023
1519523190.19414496,-3.50842371,0.42473932,2.01747751
1519523190.22741890,-3.53186826,0.46293925,1.98409636
1519523190.26080298,-3.55382302,0.50240252,1.93305242
1519523190.29414010,-3.57409712,0.54279759,1.88202799
1519523190.32763696,-3.59191666,0.58429246,1.82864223
1519523190.36068010,-3.61463691,0.63029427,1.78019683
1519523190.39424801,-3.63176649,0.67805139,1.71862393
1519523190.42725992,-3.64554163,0.72419818,1.66670775
1519523190.46059489,-3.65686672,0.77100116,1.61409743
1519523190.49395299,-3.66364360,0.81842468,1.56137316
1519523190.52729607,-3.66792851,0.86437022,1.51347602
1519523190.56054807,-3.66891171,0.91040528,1.46304666
1519523190.59398007,-3.66815606,0.95719651,1.42022710
1519523190.62718010,-3.66470438,1.00407290,1.37706693
1519523190.66047692,-3.65710548,1.05979224,1.34494191
1519523190.69381404,-3.64605416,1.11485581,1.32126467
1519523190.72738791,-3.63349669,1.17044919,1.29887272
1519523190.76060510,-3.61964176,1.22594779,1.27970316
1519523190.79377103,-3.60350561,1.28080511,1.25696742
1519523190.82706904,-3.58282341,1.34545875,1.23605735
1519523190.86044598,-3.56353674,1.40178029,1.21908922
1519523190.89376998,-3.54423478,1.45822617,1.20104230
1519523190.92695689,-3.52395657,1.51421332,1.18036652
1519523190.96046805,-3.50306269,1.56960395,1.15985010
1519523190.99361396,-3.48103687,1.62455428,1.13934124
1519523191.02708697,-3.45492158,1.68036446,1.11920240
1519523191.06054592,-3.42768771,1.73563742,1.09786386
1519523191.09353399,-3.40093275,1.78728395,1.07481388
1519523191.12690902,-3.37515679,1.83947010,1.04669481
1519523191.16016102,-3.34637061,1.89359799,1.01327845
1519523191.19359398,-3.31579208,1.94673391,0.97503815
1519523191.22680497,-3.28898356,1.99383964,0.93576989
1519523191.26018691,-3.27501908,2.01994370,0.89386533
1519523191.29365802,-3.24447933,2.06472060,0.85028576
1519523191.32674789,-3.22472752,2.08636796,0.80376692
1519523191.36021590,-3.19490755,2.11649626,0.76079655
1519523191.39347410,-3.16886030,2.15060945,0.71419051
1519523191.42667294,-3.14125202,2.18347207,0.66403409
1519523191.45996499,-3.10888820,2.21202652,0.61811442
1519523191.49340296,-3.07300114,2.24066274,0.56953789
1519523191.52657199,-3.03513203,2.26792847,0.52134766
1519523191.56004691,-2.99625550,2.29228331,0.47596748
1519523191.59327888,-2.96038597,2.31275044,0.43137817
1519523191.62653089,-2.92363978,2.33159836,0.38182818
1519523191.65983701,-2.88106232,2.35479164,0.33365157
1519523191.69318604,-2.83741731,2.37590756,0.28394244
1519523191.72649789,-2.79774840,2.39337794,0.23295308
1519523191.75991893,-2.75798878,2.41195708,0.18456290
1519523191.79331303,-2.71781165,2.42250716,0.12986117
1519523191.82643104,-2.67521930,2.43109274,0.08013198
1519523191.85975599,-2.63676825,2.43718789,0.03538677
1519523191.89307499,-2.59899894,2.44353139,-0.01497642
1519523191.92635298,-2.56095817,2.44796546,-0.06458509
1519523191.95968699,-2.53703957,2.45143225,-0.11195683
1519523191.99302411,-2.49132763,2.44226493,-0.16588198
1519523192.02645111,-2.46487857,2.43377825,-0.21113215
1519523192.05962992,-2.42371254,2.42086153,-0.25794277
1519523192.09289908,-2.38177990,2.41140040,-0.30748819
1519523192.12623191,-2.34036728,2.39987416,-0.35303224
1519523192.15968895,-2.30518597,2.38359323,-0.39496277
1519523192.19290996,-2.27071805,2.36585186,-0.43328102
1519523192.22621489,-2.21759787,2.35365045,-0.46891379
1519523192.26070499,-2.16084905,2.33785657,-0.50051529
1519523192.29288507,-2.10410260,2.32007177,-0.52285367
1519523192.32610297,-2.03476145,2.29976171,-0.54276649
1519523192.35939503,-1.96583845,2.27807498,-0.56120898
1519523192.39263797,-1.90664098,2.24272482,-0.56182835
1519523192.42609096,-1.85373552,2.21128502,-0.56074481
1519523192.45933509,-1.80644626,2.18345086,-0.56113973
1519523192.49270797,-1.76101346,2.15266192,-0.55804476
1519523192.52620506,-1.71015824,2.11868828,-0.56043699
1519523192.55926895,-1.65788041,2.08698972,-0.55940822
1519523192.59260392,-1.60515948,2.05723034,-0.55944344
1519523192.62593389,-1.55340328,2.02593008,-0.55929869
1519523192.65921497,-1.50241841,1.99339789,-0.55910427
1519523192.69267201,-1.45120812,1.96073853,-0.55885241
1519523192.72603297,-1.39991612,1.92820960,-0.55741827
1519523192.75923109,-1.34846535,1.89593421,-0.55615900
1519523192.79245400,-1.29323781,1.86140120,-0.55570361
1519523192.82580996,-1.24049823,1.82791920,-0.55652844
1519523192.85899305,-1.18781774,1.79434317,-0.55607601
1519523192.89250207,-1.13512205,1.76079097,-0.55546976
1519523192.92568302,-1.08165236,1.73049766,-0.55511791
1519523192.95904303,-1.02817201,1.70022316,-0.55548239
1519523192.99235106,-0.97724534,1.66583260,-0.55552442
1519523193.02559090,-0.92817242,1.63258970,-0.55422872
1519523193.05886698,-0.87573341,1.59735364,-0.55666557
1519523193.09226203,-0.82143556,1.56810699,-0.55228375
1519523193.12567592,-0.75888846,1.53290234,-0.55294506
1519523193.15881801,-0.70220610,1.50214437,-0.55216995
1519523193.19221091,-0.64589402,1.47079066,-0.54928264
1519523193.22555995,-0.59282119,1.43786250,-0.54161828
1519523193.25874305,-0.53950914,1.40532281,-0.52526247
1519523193.29224110,-0.48577871,1.37372122,-0.50806457
1519523193.32543302,-0.42842173,1.34132716,-0.48958592
1519523193.35888004,-0.36755452,1.30994931,-0.47096582
1519523193.39201593,-0.30611363,1.27971019,-0.45375522
1519523193.42533708,-0.24755817,1.25047594,-0.43501877
1519523193.45868111,-0.18888821,1.22143376,-0.41504043
1519523193.49206400,-0.12964978,1.19356942,-0.39466390
1519523193.52529001,-0.06909855,1.16658997,-0.37353064
1519523193.55868196,-0.00806189,1.14071450,-0.35188071
1519523193.59189701,0.05352062,1.11616644,-0.33038536
1519523193.62521410,0.11658502,1.09357706,-0.30887066
1519523193.65859795,0.17715617,1.07374513,-0.28647415
1519523193.69204593,0.23845117,1.05518776,-0.26147304
1519523193.72532010,0.29969730,1.03632384,-0.23664905
1519523193.75956702,0.36164605,1.01892486,-0.21047360
1519523193.79192090,0.43058433,1.00330151,-0.18561043
1519523193.82508612,0.49994003,0.98966484,-0.16049610
1519523193.85841107,0.56961630,0.97777410,-0.13527959
1519523193.89174891,0.63369804,0.96844322,-0.10939208
1519523193.92507601,0.70004585,0.96057646,-0.08440210
1519523193.95852304,0.76353837,0.95425710,-0.05981734
1519523193.99176788,0.83019451,0.94968784,-0.03390369
1519523194.02495003,0.89518958,0.94653856,-0.00785468
1519523194.05830789,0.96024799,0.94551123,0.01996700
1519523194.22492003,1.01655552,0.94528663,0.20548591
1519523194.25820804,1.07134209,0.95831263,0.21542824
1519523194.29159498,1.12914417,0.96676951,0.21795913
1519523194.32478905,1.18400021,0.98857695,0.22301508
1519523194.35809898,1.24115324,0.99863035,0.22709985
1519523194.39151502,1.29757589,1.01189801,0.23246953
1519523194.42475390,1.36187654,1.02499203,0.23754814
1519523194.45805812,1.42580179,1.03968488,0.24283748
1519523194.49151492,1.48964843,1.05471563,0.24516285
1519523194.52467704,1.55692128,1.07332833,0.24530563
1519523194.55798697,1.62419147,1.09195062,0.25140493
1519523194.59151292,1.68580686,1.10967030,0.25384244
1519523194.62462091,1.74843746,1.12345983,0.25426357
1519523194.65791702,1.81010745,1.14094964,0.25689570
1519523194.69171596,1.87270584,1.15670446,0.25765793
1519523194.72448993,1.93476152,1.17452088,0.25885972
1519523194.75787091,1.99732885,1.19039861,0.26301000
1519523194.79148698,2.05652550,1.20711912,0.26731344
1519523194.82441497,2.11620405,1.22206989,0.26834306
1519523194.85770798,2.17531070,1.23910585,0.26985904
1519523194.89105010,2.23719819,1.25637141,0.27040658
1519523194.92452693,2.29907622,1.27367085,0.27046223
1519523194.95764709,2.36095328,1.29097374,0.27335130
1519523194.99101090,2.41931243,1.30936217,0.27387256
1519523195.02432609,2.47766198,1.32778101,0.26910184
1519523195.05761003,2.53918550,1.34745701,0.27059817
1519523195.09105396,2.60067951,1.36722505,0.27209227
1519523195.12421989,2.65946112,1.38633641,0.26651764
1519523195.15782404,2.71607046,1.40201629,0.26432992
1519523195.19095612,2.77570392,1.41806510,0.25574562
1519523195.22429895,2.83588467,1.43317877,0.24487883
1519523195.25750995,2.89622611,1.44763759,0.22349452
1519523195.29086089,2.95686292,1.46080285,0.19620240
1519523195.32416296,3.01486935,1.47303377,0.17619261
1519523195.35743594,3.07856058,1.48507224,0.14654984
1519523195.39076805,3.13650382,1.49432073,0.11690369
1519523195.42406106,3.19956964,1.50463124,0.08720487
1519523195.45734096,3.26034836,1.51340943,0.04978372
1519523195.49073410,3.32129845,1.52220527,0.01373607
1519523195.52417803,3.38255755,1.52649846,-0.02300163
1519523195.55741000,3.44263877,1.53007180,-0.05295475
1519523195.59078598,3.50280120,1.52975848,-0.09158545
1519523195.62400794,3.56210950,1.52773899,-0.13043614
1519523195.65721798,3.62206717,1.52276981,-0.16994768
1519523195.69067502,3.67915282,1.51469924,-0.20116305
1519523195.72388005,3.73703763,1.50463093,-0.24037958
1519523195.75710011,3.79420742,1.49580076,-0.28290662
1519523195.79046798,3.84891638,1.48640722,-0.32408291
1519523195.82373905,3.90226548,1.47508092,-0.36953947
1519523195.85708594,3.95419975,1.46148969,-0.41149463
1519523195.89084506,4.00565880,1.44401678,-0.45457600
1519523195.92378902,4.05504873,1.42174751,-0.49605828
1519523195.95703506,4.10484809,1.39999066,-0.52804767
1519523195.99036694,4.14479846,1.38385482,-0.57813877
1519523196.02367210,4.18446844,1.36687498,-0.62605301
1519523196.05693507,4.22274626,1.34840028,-0.67699720
1519523196.09030390,4.25669799,1.32513203,-0.72344047
1519523196.12362289,4.29013481,1.29978097,-0.77265480
1519523196.15698791,4.32465240,1.27639576,-0.82426706
1519523196.19041300,4.35463553,1.25480863,-0.87677784
1519523196.22357702,4.38264382,1.23101145,-0.92234059
1519523196.25686693,4.40912005,1.19942857,-0.97180093
1519523196.29011893,4.43318206,1.16453844,-1.01757296
1519523196.32343102,4.45595645,1.12804300,-1.05887905
1519523196.35684609,4.47968888,1.09230558,-1.10904256
1519523196.39018512,4.50442238,1.05682789,-1.15499218
1519523196.42342210,4.52750017,1.02025155,-1.19692612
1519523196.45667291,4.54931152,0.98200786,-1.23839150
1519523196.49007893,4.56865798,0.93943452,-1.27698562
1519523196.52339506,4.58576637,0.89441050,-1.31061821
1519523196.55666089,4.60237428,0.84910903,-1.34409601
1519523196.58996606,4.61764697,0.79650309,-1.37888302
1519523196.62329006,4.62901644,0.74299669,-1.41470594
1519523196.65656090,4.63875729,0.68724266,-1.45086032
1519523196.68989801,4.64977302,0.63316353,-1.48854700
1519523196.72324896,4.65874334,0.57870775,-1.52699401
1519523196.75766897,4.66743668,0.52402731,-1.56837650
1519523196.79001307,4.67092087,0.46713633,-1.60949067
1519523196.82322788,4.67185295,0.41015838,-1.65399319
1519523196.85657501,4.67024929,0.35319537,-1.69773834
1519523196.88995409,4.66757940,0.29854835,-1.74234119
1519523196.92302799,4.66437051,0.24374644,-1.78961993
1519523196.95642304,4.66559308,0.20518061,-1.83653654
1519523196.98980498,4.66500559,0.16659988,-1.88383582
1519523197.02302408,4.66080863,0.12094577,-1.92930347
1519523197.05636501,4.64952340,0.07083320,-1.97659485
1519523197.08974099,4.63679925,0.02332156,-2.02429754
1519523197.12295794,4.62178000,-0.02350784,-2.07200119
1519523197.15627789,4.60458769,-0.06959128,-2.11637580
1519523197.18987703,4.58825855,-0.10585702,-2.16169447
1519523197.22287297,4.56476271,-0.14960464,-2.20827228
1519523197.25629807,4.53833941,-0.19344761,-2.25217899
1519523197.28973508,4.50688425,-0.23354786,-2.29897452
1519523197.32295799,4.48094027,-0.27025591,-2.34517905
1519523197.35623503,4.45487735,-0.30724156,-2.38931512
1519523197.38989305,4.42125011,-0.34861693,-2.43173266
1519523197.42281604,4.38434251,-0.38671823,-2.46914821
1519523197.45610595,4.34876896,-0.41033595,-2.49623790
1519523197.48962498,4.31188344,-0.42181139,-2.52326136
1519523197.52278209,4.27508455,-0.44347048,-2.53244032
1519523197.55606103,4.22902306,-0.46948160,-2.55518571
1519523197.58969402,4.18259965,-0.49731069,-2.57245272
1519523197.62266994,4.13434842,-0.52221727,-2.58832378
1519523197.65619898,4.08676514,-0.54588586,-2.59667684
1519523197.68940401,4.03898580,-0.56915617,-2.60434138
1519523197.72263503,3.98556840,-0.59968542,-2.61268267
1519523197.75589395,3.93257571,-0.63258209,-2.62012654
1519523197.78950310,3.88006365,-0.66466743,-2.62762006
1519523197.82278299,3.82658550,-0.69676889,-2.63492853
1519523197.85593796,3.77601301,-0.72698542,-2.64292984
1519523197.88920903,3.72857499,-0.75590815,-2.65930286
1519523197.92250896,3.68292927,-0.78286744,-2.68139905
1519523197.95584106,3.63540059,-0.80619213,-2.71156841
1519523197.98910904,3.58968060,-0.82693018,-2.74598880
1519523198.02240896,3.54535530,-0.85106619,-2.78500869
1519523198.05581188,3.50012219,-0.87345469,-2.82326389
1519523198.08905196,3.44831827,-0.89599089,-2.86490689
1519523198.12239695,3.39812781,-0.91808193,-2.91008866
1519523198.15572190,3.34510397,-0.93832829,-2.95920251
1519523198.18909001,3.28898008,-0.95527020,-3.00531537
1519523198.22231793,3.23169055,-0.96966792,-3.05483660
1519523198.25610805,3.17420535,-0.98117323,-3.10310853
1519523198.28903389,3.11538199,-0.99082112,3.13224116
1519523198.32228494,3.05913352,-0.99553440,3.08510730
1519523198.35557103,3.00263245,-0.99923696,3.03738001
1519523198.38887095,2.94812880,-1.00046035,2.98839067
1519523198.42227602,2.89460426,-0.99916358,2.93552767
1519523198.45554209,2.84931800,-1.00100846,2.88642739
1519523198.48888206,2.82244227,-0.98578127,2.83256873
1519523198.52207589,2.79642523,-0.96912937,2.78559128
1519523198.55539989,2.78390051,-0.95045808,2.74577985
1519523198.58882093,2.77212884,-0.93130310,2.70337990
1519523198.62213111,2.75119171,-0.90801143,2.67259622
1519523198.65549111,2.71448547,-0.87627157,2.65390546
1519523198.68888998,2.66424800,-0.84630913,2.64227538
1519523198.72202206,2.60764445,-0.81664751,2.63199492
1519523198.75528312,2.55134883,-0.78640555,2.62118437
1519523198.78890610,2.49630327,-0.75608396,2.61271394
1519523198.82192302,2.44510881,-0.72579258,2.60227092
1519523198.85535407,2.39377437,-0.69573533,2.59575398
1519523198.88862801,2.33966497,-0.66353903,2.58932007
1519523198.92187500,2.28576383,-0.63099527,2.58215095
1519523198.95517898,2.23284876,-0.59850160,2.57821145
1519523198.98856807,2.18463595,-0.56868887,2.57355309
1519523199.02183700,2.13704114,-0.53790196,2.57141207
1519523199.05513096,2.07863083,-0.49931179,2.56955916
1519523199.08843088,2.02029212,-0.46061345,2.56901302
1519523199.12178493,1.96141035,-0.42275851,2.56751179
1519523199.25498700,1.86439131,-0.36011348,2.56457334
1519523199.28826499,1.77100066,-0.29189281,2.56545466
1519523199.32162309,1.67754991,-0.22375447,2.56614684
1519523199.45487595,1.61135900,-0.17612729,2.56511191
1519523199.48817205,1.54681733,-0.13066125,2.56537478
1519523199.52154398,1.49336228,-0.09354198,2.56612465
1519523199.55484796,1.44479182,-0.06291066,2.56700068
1519523199.58811593,1.39018613,-0.02756239,2.56719099
1519523199.62147593,1.33861694,0.00580592,2.56629245
1519523199.65472698,1.28707776,0.03922055,2.56695772
1519523199.68813396,1.23607591,0.07220262,2.56874090
1519523199.72130299,1.18473895,0.10466521,2.57456844
1519523199.75473690,1.13279839,0.13769702,2.58332652
1519523199.78804398,1.08081568,0.17127120,2.59920384
1519523199.82145905,1.02830647,0.20401583,2.61505668
1519523199.85456300,0.97383345,0.23727667,2.63616903
1519523199.88794708,0.91844635,0.26897521,2.65985502
1519523199.92121100,0.86427073,0.29833531,2.68413232
1519523199.95454597,0.80939836,0.32637166,2.71095665
1519523199.98783493,0.75623775,0.35553698,2.73970392
1519523200.02119708,0.70226078,0.38316225,2.77094654
1519523200.05465293,0.64663537,0.40699880,2.79938986
1519523200.08779001,0.59006379,0.42892316,2.83011607
1519523200.12105203,0.53296782,0.44947956,2.86016505
1519523200.15446806,0.47741630,0.46808305,2.89582456
1519523200.18768001,0.42140362,0.48535908,2.92751907
1519523200.22105193,0.36504572,0.50011209,2.95950315
1519523200.25431395,0.30400659,0.51370555,2.99202338
1519523200.28769803,0.24587393,0.52017479,3.02523854
1519523200.32096505,0.18374484,0.52691570,3.05528462
1519523200.35446000,0.12547018,0.53143852,3.08611015
1519523200.38761091,0.05980334,0.53456747,3.11734317
1519523200.42097807,-0.00405706,0.53771746,-3.13519411
1519523200.45422912,-0.07397473,0.53609863,-3.10160562
1519523200.48750806,-0.14298511,0.53494875,-3.07181428
1519523200.52080703,-0.21193061,0.53174377,-3.03881289
1519523200.55420208,-0.27598012,0.52675586,-3.00866408
1519523200.58747292,-0.33986306,0.51993602,-2.98022144
1519523200.62075806,-0.40307134,0.50850783,-2.94946174
1519523200.65410399,-0.46572945,0.50158646,-2.93278357
1519523200.68745708,-0.52796548,0.49221502,-2.90744987
1519523200.72081494,-0.59357490,0.48040409,-2.87955376
1519523200.75407600,-0.65882936,0.46676774,-2.85633374
1519523200.78739309,-0.72375615,0.45164227,-2.83391973
1519523200.82068300,-0.78964687,0.43473450,-2.80920922
1519523200.85393190,-0.85606344,0.41587121,-2.79203344
1519523200.88729191,-0.92257186,0.40001443,-2.78161099
1519523200.92055988,-0.98986557,0.38310622,-2.77649704
1519523200.95389891,-1.05725389,0.34722730,-2.77763283
1519523200.98729205,-1.12468291,0.31142495,-2.78042699
1519523201.02075291,-1.19621459,0.27843871,-2.78121414
1519523201.05383706,-1.25801508,0.24918562,-2.78809749
1519523201.08723998,-1.31234173,0.22450768,-2.79477469
1519523201.12040401,-1.36895861,0.20607713,-2.80471386
1519523201.15378499,-1.42850947,0.19020006,-2.81878004
1519523201.18710208,-1.49118822,0.17418859,-2.83926684
1519523201.22042799,-1.56761439,0.13448178,-2.86106599
1519523201.25374603,-1.64488791,0.09645030,-2.89514718
1519523201.28698802,-1.69451267,0.06834397,-2.91005750
1519523201.32049894,-1.75211116,0.07304752,-2.95382784
1519523201.35370207,-1.80448169,0.05240628,-2.97457842
1519523201.38721299,-1.85729157,0.03285236,-3.00896804
1519523201.42025304,-1.91863357,0.00964998,-3.05003929
1519523201.45358801,-1.97982080,-0.02251313,-3.08991593
1519523201.48685098,-2.04382434,-0.04073046,3.13842199
1519523201.52049708,-2.10878581,-0.07292030,3.10082333
1519523201.55353594,-2.17408201,-0.08231369,3.04978171
1519523201.58683205,-2.22261889,-0.08994279,2.98777313
1519523201.62029600,-2.27623568,-0.08159399,2.96605188
1519523201.65362811,-2.32211830,-0.07342000,2.92323520
1519523201.68681002,-2.37004153,-0.07080677,2.87314736
1519523201.72007799,-2.41777383,-0.06579744,2.82679839
1519523201.75338006,-2.46831861,-0.05637856,2.77971253
1519523201.78670311,-2.51836403,-0.04459105,2.72984107
1519523201.82008195,-2.56308767,-0.03304067,2.67864703
1519523201.85334110,-2.60419635,-0.02153738,2.62636888
1519523201.88667393,-2.64464778,-0.00790169,2.57216687
1519523201.91983700,-2.68713292,0.00748920,2.52216519
1519523201.95320606,-2.72717425,0.02855124,2.46907424
1519523201.98662400,-2.76660451,0.05100143,2.41545342
1519523202.01980901,-2.80417477,0.07620844,2.36305573
1519523202.05313993,-2.83835414,0.10729714,2.31516272
1519523202.08652997,-2.87100595,0.13998651,2.26570455
1519523202.11978793,-2.90389165,0.17017578,2.21379609
1519523202.15312409,-2.93435149,0.20094261,2.16244992
1519523202.18638611,-2.96164245,0.23591150,2.11430043
1519523202.21972704,-2.99006753,0.27686841,2.06355463
1519523202.25309801,-3.01639258,0.31920688,2.01362000
1519523202.28648090,-3.03948063,0.35927436,1.96552253
1519523202.31965804,-3.06012834,0.40060854,1.92324011
1519523202.35296297,-3.08002330,0.44506040,1.88348197
1519523202.38628101,-3.09813569,0.49026790,1.84693255
1519523202.41966891,-3.11634457,0.53728266,1.80854367
1519523202.45295811,-3.13273563,0.58496163,1.76490866
1519523202.48628211,-3.14921933,0.64444040,1.72454679
1519523202.51978898,-3.16305258,0.70457258,1.68968295
1519523202.55300903,-3.17454890,0.75591108,1.64207326
1519523202.58614111,-3.18352796,0.80688509,1.59496707
1519523202.61950707,-3.19022019,0.85678662,1.54559647
1519523202.65283298,-3.19444160,0.90695760,1.49420118
1519523202.68605900,-3.19614210,0.95647035,1.44509753
1519523202.71934795,-3.19588374,1.00548575,1.39342195
1519523202.75275803,-3.19456850,1.05468669,1.34104161
1519523202.78603697,-3.18833357,1.10720187,1.29148526
1519523202.81937504,-3.17993037,1.16648106,1.24412489
1519523202.85264897,-3.17196633,1.22639240,1.19398150
1519523202.88606000,-3.16100940,1.28582926,1.12525352
1519523202.91930509,-3.14562317,1.33237992,1.07655989
1519523202.95276308,-3.12785551,1.37805437,1.02848348
1519523202.98595905,-3.10772336,1.41790353,0.98022037
1519523203.01961899,-3.08667871,1.45455418,0.93578321
1519523203.05252790,-3.06620095,1.48728298,0.88783941
1519523203.08586907,-3.04620450,1.52064130,0.83789175
1519523203.11916208,-3.01768720,1.56060307,0.78538112
1519523203.15245605,-2.98607778,1.59797896,0.73585411
1519523203.18580294,-2.95772134,1.62915808,0.68584916
1519523203.21907806,-2.93121680,1.65579691,0.63262459
1519523203.25253201,-2.90327918,1.68100172,0.58257490
1519523203.28573394,-2.87411557,1.70477730,0.52981226
1519523203.31895804,-2.84505783,1.72923416,0.47653137
1519523203.35238910,-2.81409932,1.75243896,0.42430357
1519523203.38567710,-2.77913685,1.77346620,0.37603446
1519523203.41912103,-2.74206897,1.78991600,0.32943815
1519523203.45239401,-2.70767717,1.80345817,0.28124813
1519523203.48565602,-2.67333834,1.81761524,0.23590259
1519523203.51893401,-2.63975897,1.83275449,0.19377716
1519523203.55228090,-2.60612629,1.84929165,0.15392142
1519523203.58556700,-2.56781908,1.86510274,0.11403053
1519523203.61883807,-2.52389931,1.87544577,0.08472829
1519523203.65214801,-2.48384072,1.87974112,0.05722860
1519523203.68553710,-2.45475985,1.88188080,0.03917630
1519523203.71899891,-2.42571940,1.88201143,0.02082851
1519523203.75219893,-2.39660948,1.87815501,0.01281188
1519523203.78541303,-2.36753141,1.87406535,0.00376294
1519523203.81878090,-2.31451807,1.87334561,-0.00937541
1519523203.85207009,-2.26151875,1.87192945,-0.02503646
1519523203.88537192,-2.21895738,1.87224144,-0.03547597
1519523203.91871905,-2.17639507,1.87210909,-0.04664659
1519523203.95231295,-2.11712883,1.87203227,-0.06030223
1519523203.98531294,-2.05786916,1.87114616,-0.06809592
1519523204.01861405,-2.00561836,1.86590216,-0.07213380
1519523204.05193996,-1.95338916,1.86044721,-0.08112070
1519523204.08519292,-1.90318349,1.85849946,-0.09823789
1519523204.11857200,-1.85297611,1.85612293,-0.11739457
1519523204.15185690,-1.81337401,1.85402939,-0.13770256
1519523204.25188398,-1.77719467,1.85159939,-0.16700260
1519523204.28514600,-1.74211259,1.84211585,-0.18859587
1519523204.31838298,-1.70436624,1.82985511,-0.20750370
1519523204.41835809,-1.63473665,1.80827614,-0.24328212
1519523204.45175195,-1.52188797,1.77329073,-0.24823422
1519523204.58490705,-1.46282240,1.71091001,-0.27413601
1519523204.61824489,-1.40859639,1.68653492,-0.27410493
1519523204.65166497,-1.35766851,1.66308909,-0.27746021
1519523204.68501401,-1.31432522,1.64811834,-0.28009338
1519523204.71838593,-1.27075822,1.63394879,-0.28376576
1519523204.75165391,-1.22724355,1.61961934,-0.28595825
1519523204.78476596,-1.17805125,1.60600571,-0.28655407
1519523204.81842208,-1.13336239,1.59212461,-0.28986097
1519523204.85168695,-1.08871967,1.57809581,-0.29107414
1519523204.88475990,-1.04437901,1.56409824,-0.29197486
1519523204.91815209,-1.00308163,1.54777070,-0.29409191
1519523204.95141196,-0.96118396,1.53475499,-0.29356498
1519523204.98464608,-0.91927942,1.52176136,-0.29352957
1519523205.01795506,-0.87638254,1.50846940,-0.29417227
1519523205.05159593,-0.83369017,1.49450303,-0.29362856
1519523205.08459401,-0.79096303,1.48055166,-0.29311441
1519523205.11812592,-0.75036114,1.46630248,-0.29212696
1519523205.15143991,-0.71147587,1.45152193,-0.29172005
1519523205.18456507,-0.67258459,1.43675721,-0.29284445
1519523205.21807003,-0.63288096,1.42469812,-0.29115381
1519523205.25122190,-0.59791854,1.41413306,-0.29146868
1519523205.28444290,-0.56308401,1.40314180,-0.29157663
1519523205.31787801,-0.52865115,1.39226697,-0.29056159
1519523205.35110402,-0.49662693,1.38062899,-0.29039172
1519523205.38446689,-0.47028701,1.36973745,-0.28983454
1519523205.41771507,-0.44394104,1.35886059,-0.28991296
1519523205.45108604,-0.42244372,1.35267127,-0.29030659
1519523205.48437595,-0.40082668,1.34688241,-0.28965989
1519523205.51766992,-0.38522736,1.34245685,-0.28959891
1519523205.55104089,-0.37645963,1.33975580,-0.28939644
1519523205.58424091,-0.36926329,1.33752458,-0.28963101
1519523205.61758804,-0.36794578,1.33704347,-0.28971765
1519523205.65088511,-0.36974590,1.33839672,-0.29077106
1519523205.68424201,-0.37175438,1.33905086,-0.29080484
1519523205.71745992,-0.37304194,1.33948931,-0.28884431
1519523205.75082994,-0.37197009,1.33922386,-0.28941554
1519523205.78446794,-0.37082493,1.33920447,-0.28950498
1519523205.81744504,-0.36911474,1.33901666,-0.28934284
1519523205.85080409,-0.36864825,1.33869661,-0.29004130
1519523205.88408208,-0.36843712,1.33845239,-0.29027739
1519523205.91738009,-0.36814311,1.33851171,-0.29022623
1519523205.95079398,-0.36842702,1.33874365,-0.28972791
1519523205.98405600,-0.36874121,1.33887430,-0.28921399
1519523206.01734209,-0.36912762,1.33876228,-0.28954779
1519523206.05070806,-0.36872775,1.33841613,-0.28942773
1519523206.08388591,-0.36907854,1.33817584,-0.28937021
1519523206.11727595,-0.36895552,1.33779447,-0.28946593
1519523206.15058899,-0.36883253,1.33741309,-0.28924651
1519523206.18390894,-0.36861521,1.33734842,-0.28930595
