-0, -0, 0, 0, 0, -0, 1519523404.05137
-0, -0, 0, 0, 0, -0, 1519523404.0578
-0, -0, 0, 0, 0, -0, 1519523404.08764
-0, -0, 0, 0, 0, -0, 1519523404.12412
-0, -0, 0, 0, 0, -0, 1519523404.1565
-0, -0, 0, 0, 0, -0, 1519523404.18778
0, 0, 0, 0, 0, 0, 1519523404.18804
-0, -0, 0, 0, 0, -0, 1519523405.22155
-0, -0, 0, 0, 0, -0, 1519523405.25265
-0, -0, 0, 0, 0, -0, 1519523405.25906
-0, -0, 0, 0, 0, -0, 1519523405.28896
-0, -0, 0, 0, 0, -0, 1519523405.32014
-0, -0, 0, 0, 0, -0, 1519523405.32649
-0, -0, 0, 0, 0, -0, 1519523405.35653
-0, -0, 0, 0, 0, -0, 1519523405.40653
-0, -0, 0, 0, 0, -0, 1519523405.42526
-0, -0, 0, 0, 0, -0, 1519523405.46148
-0, -0, 0, 0, 0, -0, 1519523405.49149
-0, -0, 0, 0, 0, -0, 1519523405.52271
-0, -0, 0, 0, 0, -0, 1519523405.52897
-0, -0, 0, 0, 0, -0, 1519523405.55898
-0, -0, 0, 0, 0, -0, 1519523405.59028
-0, -0, 0, 0, 0, -0, 1519523405.59398
-0, -0, 0, 0, 0, -0, 1519523405.62407
-0, -0, 0, 0, 0, -0, 1519523405.62768
-0, -0, 0, 0, 0, -0, 1519523405.65768
-0, -0, 0, 0, 0, -0, 1519523405.66144
-0, -0, 0, 0, 0, -0, 1519523405.69421
-0, -0, 0, 0, 0, -0, 1519523405.70894
-0, -0, 0, 0, 0, -0, 1519523405.73888
-0, -0, 0, 0, 0, -0, 1519523405.77143
-0, -0, 0, 0, 0, -0, 1519523405.77271
0.0403047800064087, -0, 0, 0, 0, -0, 1519523405.80387
0.0403047800064087, -0, 0, 0, 0, -0, 1519523405.80517
0.0578020587563515, -0, 0, 0, 0, -0, 1519523405.83651
0.0578020587563515, -0, 0, 0, 0, -0, 1519523405.84266
0.127791166305542, -0, 0, 0, 0, -0, 1519523405.87268
0.232774838805199, -0, 0, 0, 0, -0, 1519523405.90395
0.250272125005722, -0, 0, 0, 0, -0, 1519523405.91018
0.302763968706131, -0, 0, 0, 0, -0, 1519523405.9402
0.337758511304855, -0, 0, 0, 0, -0, 1519523405.97142
0.355255782604218, -0, 0, 0, 0, -0, 1519523405.97771
0.407747626304626, -0, 0, 0, 0, -0, 1519523406.00768
0.477736741304398, -0, 0, 0, 0, -0, 1519523406.03897
0.49523401260376, -0, 0, 0, 0, -0, 1519523406.04518
0.600217700004578, -0, 0, 0, 0, -0, 1519523406.07518
0.617715001106262, -0, 0, 0, 0, -0, 1519523406.10652
0.635212242603302, -0, 0, 0, 0, -0, 1519523406.14277
0.670206785202026, -0, 0, 0, 0, -0, 1519523406.17402
0.687704086303711, -0, 0, 0, 0, -0, 1519523406.17764
0.74019593000412, -0, 0, 0, 0, -0, 1519523406.20769
0.757693231105804, -0, 0, 0, 0, -0, 1519523406.21141
0.757693231105804, -0, 0, 0, 0, -0, 1519523406.24151
0.757693231105804, -0, 0, 0, 0, -0, 1519523406.24513
0.792687773704529, -0, 0, 0, 0, -0.00366968121379614, 1519523406.2752
0.845179617404938, -0, 0, 0, 0, -0.0159177763387561, 1519523406.27888
0.897739231586456, -0, 0, 0, 0, -0.0526620604097843, 1519523406.30906
0.915236532688141, -0, 0, 0, 0, -0.0771582506597042, 1519523406.31267
0.915236532688141, -0, 0, 0, 0, -0.0894063457846642, 1519523406.34272
0.915236532688141, -0, 0, 0, 0, -0.0894063457846642, 1519523406.34389
0.932733833789825, -0, 0, 0, 0, -0.12615063637495, 1519523406.34513
0.932733833789825, -0, 0, 0, 0, -0.175143006443977, 1519523406.37517
0.950231075286865, -0, 0, 0, 0, -0.19963920712471, 1519523406.38145
0.985225677490234, -0, 0, 0, 0, -0.211887297034264, 1519523406.4114
0.985225677490234, -0, 0, 0, 0, -0.224135386943817, 1519523406.44403
1.00272297859192, -0, 0, 0, 0, -0.236383497714996, 1519523406.44513
1.02022016048431, -0, 0, 0, 0, -0.236383497714996, 1519523406.47648
1.05521476268768, -0, 0, 0, 0, -0.236383497714996, 1519523406.48264
1.07271206378937, -0, 0, 0, 0, -0.24863158762455, 1519523406.51268
1.07271206378937, -0, 0, 0, 0, -0.24863158762455, 1519523406.544
1.07271206378937, -0, 0, 0, 0, -0.260879677534103, 1519523406.55022
1.09020936489105, -0, 0, 0, 0, -0.273127767443657, 1519523406.58021
1.10770654678345, -0, 0, 0, 0, -0.309872058033943, 1519523406.61142
1.12520384788513, -0, 0, 0, 0, -0.322120147943497, 1519523406.61768
1.1601984500885, -0, 0, 0, 0, -0.358864438533783, 1519523406.64775
1.1601984500885, -0, 0, 0, 0, -0.371112549304962, 1519523406.67902
1.1601984500885, -0, 0, 0, 0, -0.371112549304962, 1519523406.68514
1.1601984500885, -0, 0, 0, 0, -0.395608729124069, 1519523406.71525
1.1601984500885, -0, 0, 0, 0, -0.395608729124069, 1519523406.75014
1.17769575119019, -0, 0, 0, 0, -0.395608729124069, 1519523406.78402
1.17769575119019, -0, 0, 0, 0, -0.38336061835289, 1519523406.81398
1.17769575119019, -0, 0, 0, 0, -0.395608729124069, 1519523406.81768
1.17769575119019, -0, 0, 0, 0, -0.371112549304962, 1519523406.84768
1.17769575119019, -0, 0, 0, 0, -0.358864438533783, 1519523406.85137
1.19519305229187, -0, 0, 0, 0, -0.309872058033943, 1519523406.88148
1.19519305229187, -0, 0, 0, 0, -0.309872058033943, 1519523406.88513
1.19519305229187, -0, 0, 0, 0, -0.309872058033943, 1519523406.91652
1.21269023418427, -0, 0, 0, 0, -0.309872058033943, 1519523406.94771
1.23018753528595, -0, 0, 0, 0, -0.309872058033943, 1519523406.98391
1.23018753528595, -0, 0, 0, 0, -0.309872058033943, 1519523407.02149
1.23018753528595, -0, 0, 0, 0, -0.260879677534103, 1519523407.05318
1.24768483638763, -0, 0, 0, 0, -0.211887297034264, 1519523407.08399
1.26518213748932, -0, 0, 0, 0, -0.19963920712471, 1519523407.08544
1.3001766204834, -0, 0, 0, 0, -0.0894063457846642, 1519523407.11649
1.33517122268677, -0, 0, 0, 0, -0.0526620604097843, 1519523407.12276
1.38766300678253, -0, 0, 0, 0, -0.0159177763387561, 1519523407.15398
1.40516030788422, -0, 0, 0, 0, -0.00366968121379614, 1519523407.1852
1.40516030788422, -0, 0, 0, 0, -0.00366968121379614, 1519523407.21771
1.4226576089859, -0, 0, 0, 0, -0.00366968121379614, 1519523407.22399
1.45765221118927, -0, 0, 0, 0, -0.00366968121379614, 1519523407.25398
1.47514951229095, -0, 0, 0, 0, -0.00366968121379614, 1519523407.2852
1.47514951229095, -0, 0, 0, 0, -0.00366968121379614, 1519523407.29145
1.49264669418335, -0, 0, 0, 0, -0.00366968121379614, 1519523407.32149
1.52764129638672, -0, 0, 0, 0, -0.00366968121379614, 1519523407.35276
1.52764129638672, -0, 0, 0, 0, -0.00366968121379614, 1519523407.38654
1.52764129638672, -0, 0, 0, 0, -0.00366968121379614, 1519523407.42025
1.52764129638672, -0, 0, 0, 0, -0.00366968121379614, 1519523407.42409
1.5451385974884, -0, 0, 0, 0, -0.00366968121379614, 1519523407.45021
1.5451385974884, -0, 0, 0, 0, -0.00366968121379614, 1519523407.47405
1.5451385974884, -0, 0, 0, 0, -0.00366968121379614, 1519523407.5052
1.5451385974884, -0, 0, 0, 0, -0.00366968121379614, 1519523407.53649
1.58013308048248, -0, 0, 0, 0, -0.00366968121379614, 1519523407.5677
1.63262498378754, -0, 0, 0, 0, -0.00366968121379614, 1519523407.59904
1.6851167678833, -0, 0, 0, 0, -0.00366968121379614, 1519523407.63519
1.6851167678833, -0, 0, 0, 0, -0.00366968121379614, 1519523407.66653
1.6851167678833, -0, 0, 0, 0, -0.00366968121379614, 1519523407.67269
1.6851167678833, -0, 0, 0, 0, -0.00366968121379614, 1519523407.70274
1.70261406898499, -0, 0, 0, 0, -0.00366968121379614, 1519523407.74017
1.70261406898499, -0, 0, 0, 0, -0.00366968121379614, 1519523407.77027
1.70261406898499, -0, 0, 0, 0, -0.00366968121379614, 1519523407.80151
1.70261406898499, -0, 0, 0, 0, -0.00366968121379614, 1519523407.80769
1.70261406898499, -0, 0, 0, 0, -0, 1519523407.83769
1.70261406898499, -0, 0, 0, 0, -0, 1519523407.86896
1.70261406898499, -0, 0, 0, 0, -0, 1519523407.90523
1.70261406898499, -0, 0, 0, 0, -0, 1519523407.93648
1.70261406898499, -0, 0, 0, 0, -0, 1519523407.94014
1.70261406898499, -0, 0, 0, 0, -0, 1519523407.97021
1.70261406898499, -0, 0, 0, 0, -0, 1519523407.97395
1.70261406898499, -0, 0, 0, 0, -0, 1519523408.00397
1.72011137008667, -0, 0, 0, 0, -0, 1519523408.00764
1.72011137008667, -0, 0, 0, 0, -0, 1519523408.0377
1.72011137008667, -0, 0, 0, 0, -0, 1519523408.04144
1.72011137008667, -0, 0, 0, 0, -0, 1519523408.0714
1.72011137008667, -0, 0, 0, 0, -0, 1519523408.07276
1.72011137008667, 0, 0, 0, 0, 0.0159652495756745, 1519523408.10405
1.72011137008667, 0, 0, 0, 0, 0.0282133460044861, 1519523408.11023
1.72011137008667, 0, 0, 0, 0, 0.0894538164138794, 1519523408.14021
1.72011137008667, 0, 0, 0, 0, 0.162942387163639, 1519523408.17143
1.73760867118835, 0, 0, 0, 0, 0.175190487504005, 1519523408.20776
1.73760867118835, 0, 0, 0, 0, 0.175190487504005, 1519523408.23895
1.73760867118835, 0, 0, 0, 0, 0.175190487504005, 1519523408.24522
1.79010045528412, 0, 0, 0, 0, 0.211934778094292, 1519523408.27523
1.82509505748749, 0, 0, 0, 0, 0.211934778094292, 1519523408.3065
1.84259235858917, 0, 0, 0, 0, 0.224182868003845, 1519523408.31272
1.87758684158325, 0, 0, 0, 0, 0.260927158594131, 1519523408.3427
1.87758684158325, 0, 0, 0, 0, 0.297671428322792, 1519523408.374
1.87758684158325, 0, 0, 0, 0, 0.322167629003525, 1519523408.38017
1.91258144378662, 0, 0, 0, 0, 0.420152390003204, 1519523408.41036
1.91258144378662, 0, 0, 0, 0, 0.444648569822311, 1519523408.4415
1.93007874488831, 0, 0, 0, 0, 0.456896680593491, 1519523408.4477
1.93007874488831, 0, 0, 0, 0, 0.481392860412598, 1519523408.47782
1.93007874488831, 0, 0, 0, 0, 0.469144749641418, 1519523408.50904
1.93007874488831, 0, 0, 0, 0, 0.469144749641418, 1519523408.5127
1.93007874488831, 0, 0, 0, 0, 0.481392860412598, 1519523408.54645
1.9475759267807, 0, 0, 0, 0, 0.469144749641418, 1519523408.57652
1.96507322788239, 0, 0, 0, 0, 0.469144749641418, 1519523408.58017
1.98257052898407, 0, 0, 0, 0, 0.432400500774384, 1519523408.61026
2, 0, 0, 0, 0, 0.420152390003204, 1519523408.61397
2, 0, 0, 0, 0, 0.358911919593811, 1519523408.64406
2, 0, 0, 0, 0, 0.358911919593811, 1519523408.64642
2, 0, 0, 0, 0, 0.322167629003525, 1519523408.67654
2, 0, 0, 0, 0, 0.297671428322792, 1519523408.68263
2, 0, 0, 0, 0, 0.199686667323112, 1519523408.71276
2, 0, 0, 0, 0, 0.175190487504005, 1519523408.744
2, 0, 0, 0, 0, 0.150694297254086, 1519523408.75016
2, 0, 0, 0, 0, 0.101701916754246, 1519523408.78025
2, 0, 0, 0, 0, 0.101701916754246, 1519523408.8302
2, 0, 0, 0, 0, 0.101701916754246, 1519523408.8478
2, 0, 0, 0, 0, 0.101701916754246, 1519523408.87896
2, 0, 0, 0, 0, 0.0894538164138794, 1519523408.88527
2, 0, 0, 0, 0, 0.0772057265043259, 1519523408.91527
2, 0, 0, 0, 0, 0.0649576313793659, 1519523408.94651
2, 0, 0, 0, 0, 0.0649576313793659, 1519523408.95398
2, 0, 0, 0, 0, 0.0649576313793659, 1519523408.98402
2, 0, 0, 0, 0, 0.0649576313793659, 1519523409.03401
2, 0, 0, 0, 0, 0.0649576313793659, 1519523409.08407
2, 0, 0, 0, 0, 0.0649576313793659, 1519523409.08524
2, 0, 0, 0, 0, 0.0649576313793659, 1519523409.119
2, 0, 0, 0, 0, 0.0649576313793659, 1519523409.14898
2, 0, 0, 0, 0, 0.101701916754246, 1519523409.15291
2, 0, 0, 0, 0, 0.175190487504005, 1519523409.18276
2, 0, 0, 0, 0, 0.175190487504005, 1519523409.18659
2, 0, 0, 0, 0, 0.187438577413559, 1519523409.21652
2, 0, 0, 0, 0, 0.187438577413559, 1519523409.21894
2, 0, 0, 0, 0, 0.187438577413559, 1519523409.24899
2, 0, 0, 0, 0, 0.187438577413559, 1519523409.28527
2, 0, 0, 0, 0, 0.187438577413559, 1519523409.31648
2, 0, 0, 0, 0, 0.187438577413559, 1519523409.3528
2, 0, 0, 0, 0, 0.187438577413559, 1519523409.38392
2, 0, 0, 0, 0, 0.187438577413559, 1519523409.42028
2, 0, 0, 0, 0, 0.187438577413559, 1519523409.45165
2, 0, 0, 0, 0, 0.187438577413559, 1519523409.4901
2, 0, 0, 0, 0, 0.187438577413559, 1519523409.51903
2, 0, 0, 0, 0, 0.187438577413559, 1519523409.56916
2, 0, 0, 0, 0, 0.199686667323112, 1519523409.58657
2, 0, 0, 0, 0, 0.224182868003845, 1519523409.5927
2, 0, 0, 0, 0, 0.322167629003525, 1519523409.62274
2, 0, 0, 0, 0, 0.334415718913078, 1519523409.65409
2, 0, 0, 0, 0, 0.346663808822632, 1519523409.65774
2, 0, 0, 0, 0, 0.383408099412918, 1519523409.68781
2, 0, 0, 0, 0, 0.395656210184097, 1519523409.69156
2, 0, 0, 0, 0, 0.407904279232025, 1519523409.72157
2, 0, 0, 0, 0, 0.420152390003204, 1519523409.72561
2, 0, 0, 0, 0, 0.444648569822311, 1519523409.7554
2, 0, 0, 0, 0, 0.481392860412598, 1519523409.75898
2, 0, 0, 0, 0, 0.493640971183777, 1519523409.78895
2, 0, 0, 0, 0, 0.530385261774063, 1519523409.79274
2, 0, 0, 0, 0, 0.530385261774063, 1519523409.82273
2, 0, 0, 0, 0, 0.530385261774063, 1519523409.85525
2, 0, 0, 0, 0, 0.542633330821991, 1519523409.86146
2, 0, 0, 0, 0, 0.542633330821991, 1519523409.89152
2, 0, 0, 0, 0, 0.55488144159317, 1519523409.92273
2, 0, 0, 0, 0, 0.55488144159317, 1519523409.95899
2, 0, 0, 0, 0, 0.55488144159317, 1519523409.99019
2, 0, 0, 0, 0, 0.55488144159317, 1519523409.99651
2, 0, 0, 0, 0, 0.567129510641098, 1519523410.02648
2, 0, 0, 0, 0, 0.567129510641098, 1519523410.05796
2, 0, 0, 0, 0, 0.567129510641098, 1519523410.06397
2, 0, 0, 0, 0, 0.567129510641098, 1519523410.09397
2, 0, 0, 0, 0, 0.55488144159317, 1519523410.12529
2, 0, 0, 0, 0, 0.542633330821991, 1519523410.13148
2, 0, 0, 0, 0, 0.542633330821991, 1519523410.16151
2, 0, 0, 0, 0, 0.530385261774063, 1519523410.19275
2, 0, 0, 0, 0, 0.530385261774063, 1519523410.22899
2, 0, 0, 0, 0, 0.518137151002884, 1519523410.2641
2, 0, 0, 0, 0, 0.481392860412598, 1519523410.29412
2, 0, 0, 0, 0, 0.469144749641418, 1519523410.32777
2, 0, 0, 0, 0, 0.456896680593491, 1519523410.33143
2, 0, 0, 0, 0, 0.444648569822311, 1519523410.36151
2, 0, 0, 0, 0, 0.444648569822311, 1519523410.36516
2, 0, 0, 0, 0, 0.432400500774384, 1519523410.39525
2, 0, 0, 0, 0, 0.420152390003204, 1519523410.39765
2, 0, 0, 0, 0, 0.420152390003204, 1519523410.44775
2, 0, 0, 0, 0, 0.407904279232025, 1519523410.46402
2, 0, 0, 0, 0, 0.371159988641739, 1519523410.49657
2, 0, 0, 0, 0, 0.334415718913078, 1519523410.49764
2, 0, 0, 0, 0, 0.224182868003845, 1519523410.52896
2, 0, 0, 0, 0, 0.187438577413559, 1519523410.53526
2, 0, 0, 0, 0, 0.126198107004166, 1519523410.56522
2, 0, 0, 0, 0, 0.040461441129446, 1519523410.59654
2, -0, 0, 0, 0, -0, 1519523410.60271
2, -0, 0, 0, 0, -0, 1519523410.6327
2, -0, 0, 0, 0, -0.0404139678925276, 1519523410.66407
2, -0, 0, 0, 0, -0.0526620604097843, 1519523410.67017
2, -0, 0, 0, 0, -0.12615063637495, 1519523410.70022
2, -0, 0, 0, 0, -0.19963920712471, 1519523410.73143
2, -0, 0, 0, 0, -0.224135386943817, 1519523410.7377
2, -0, 0, 0, 0, -0.334368258714676, 1519523410.76776
2, -0, 0, 0, 0, -0.371112549304962, 1519523410.79912
2, -0, 0, 0, 0, -0.395608729124069, 1519523410.80266
2, -0, 0, 0, 0, -0.444601088762283, 1519523410.83271
2, -0, 0, 0, 0, -0.469097310304642, 1519523410.83646
2, -0, 0, 0, 0, -0.469097310304642, 1519523410.86653
2, -0, 0, 0, 0, -0.48134537935257, 1519523410.90028
2, -0, 0, 0, 0, -0.48134537935257, 1519523410.90394
2, -0, 0, 0, 0, -0.48134537935257, 1519523410.95555
2, -0, 0, 0, 0, -0.48134537935257, 1519523410.96774
2, -0, 0, 0, 0, -0.48134537935257, 1519523410.96903
2, -0, 0, 0, 0, -0.48134537935257, 1519523411.00023
2, -0, 0, 0, 0, -0.48134537935257, 1519523411.00646
2, -0, 0, 0, 0, -0.48134537935257, 1519523411.03647
2, -0, 0, 0, 0, -0.48134537935257, 1519523411.06773
2, -0, 0, 0, 0, -0.48134537935257, 1519523411.10403
2, -0, 0, 0, 0, -0.469097310304642, 1519523411.13529
2, -0, 0, 0, 0, -0.469097310304642, 1519523411.14149
2, -0, 0, 0, 0, -0.469097310304642, 1519523411.17148
2, -0, 0, 0, 0, -0.395608729124069, 1519523411.20275
2, -0, 0, 0, 0, -0.38336061835289, 1519523411.20897
2, -0, 0, 0, 0, -0.309872058033943, 1519523411.23901
2, -0, 0, 0, 0, -0.24863158762455, 1519523411.27022
2, -0, 0, 0, 0, -0.24863158762455, 1519523411.27649
2, -0, 0, 0, 0, -0.224135386943817, 1519523411.30647
2, -0, 0, 0, 0, -0.19963920712471, 1519523411.33777
2, -0, 0, 0, 0, -0.19963920712471, 1519523411.34396
2, -0, 0, 0, 0, -0.187391117215157, 1519523411.37408
2, -0, 0, 0, 0, -0.175143006443977, 1519523411.40559
2, -0, 0, 0, 0, -0.138398726284504, 1519523411.40903
2, -0, 0, 0, 0, -0.101654446125031, 1519523411.43902
2, -0, 0, 0, 0, -0.0894063457846642, 1519523411.4427
2, -0, 0, 0, 0, -0.0281658727675676, 1519523411.4727
2, -0, 0, 0, 0, -0.00366968121379614, 1519523411.47644
2, -0, 0, 0, 0, -0, 1519523411.50646
2, -0, 0, 0, 0, -0, 1519523411.51018
2, -0, 0, 0, 0, -0, 1519523411.54027
2, -0, 0, 0, 0, -0, 1519523411.57269
2, -0, 0, 0, 0, -0, 1519523411.57897
2, -0, 0, 0, 0, -0.0404139678925276, 1519523411.60907
2, -0, 0, 0, 0, -0.0526620604097843, 1519523411.61047
2, -0, 0, 0, 0, -0.138398726284504, 1519523411.64031
2, -0, 0, 0, 0, -0.19963920712471, 1519523411.64638
2, -0, 0, 0, 0, -0.309872058033943, 1519523411.67648
2, -0, 0, 0, 0, -0.358864438533783, 1519523411.70777
2, -0, 0, 0, 0, -0.371112549304962, 1519523411.71396
2, -0, 0, 0, 0, -0.38336061835289, 1519523411.74402
2, -0, 0, 0, 0, -0.407856839895248, 1519523411.77526
2, -0, 0, 0, 0, -0.432353019714355, 1519523411.78144
2, -0, 0, 0, 0, -0.444601088762283, 1519523411.81145
2, -0, 0, 0, 0, -0.469097310304642, 1519523411.84274
2, -0, 0, 0, 0, -0.469097310304642, 1519523411.87909
2, -0, 0, 0, 0, -0.469097310304642, 1519523411.9103
2, -0, 0, 0, 0, -0.469097310304642, 1519523411.96033
2, -0, 0, 0, 0, -0.469097310304642, 1519523411.97781
2, -0, 0, 0, 0, -0.469097310304642, 1519523411.98142
2, -0, 0, 0, 0, -0.469097310304642, 1519523412.01147
2, -0, 0, 0, 0, -0.469097310304642, 1519523412.01517
2, -0, 0, 0, 0, -0.469097310304642, 1519523412.04526
2, -0, 0, 0, 0, -0.469097310304642, 1519523412.05028
2, -0, 0, 0, 0, -0.469097310304642, 1519523412.10038
2, -0, 0, 0, 0, -0.444601088762283, 1519523412.11276
2, -0, 0, 0, 0, -0.371112549304962, 1519523412.11651
2, -0, 0, 0, 0, -0.19963920712471, 1519523412.14655
2, -0, 0, 0, 0, -0.19963920712471, 1519523412.14771
2, -0, 0, 0, 0, -0.138398726284504, 1519523412.14904
2, -0, 0, 0, 0, -0.0894063457846642, 1519523412.18026
2, -0, 0, 0, 0, -0.0894063457846642, 1519523412.18134
2, -0, 0, 0, 0, -0.0771582506597042, 1519523412.21273
2, -0, 0, 0, 0, -0.0526620604097843, 1519523412.21516
2, -0, 0, 0, 0, -0.0159177763387561, 1519523412.25031
2, -0, 0, 0, 0, -0.00366968121379614, 1519523412.28145
2, -0, 0, 0, 0, -0.00366968121379614, 1519523412.28285
2, -0, 0, 0, 0, -0, 1519523412.314
2, -0, 0, 0, 0, -0, 1519523412.32028
2, -0, 0, 0, 0, -0, 1519523412.37029
2, -0, 0, 0, 0, -0, 1519523412.38147
2, -0, 0, 0, 0, -0, 1519523412.43156
2, -0, 0, 0, 0, -0, 1519523412.44916
2, -0, 0, 0, 0, -0, 1519523412.45651
2, -0, 0, 0, 0, -0, 1519523412.50656
2, -0, 0, 0, 0, -0, 1519523412.52278
2, 0, 0, 0, 0, 0.00371715445071459, 1519523412.55277
2, 0, 0, 0, 0, 0.00371715445071459, 1519523412.58403
2, 0, 0, 0, 0, 0.0159652495756745, 1519523412.58775
2, 0, 0, 0, 0, 0.0282133460044861, 1519523412.61782
2, 0, 0, 0, 0, 0.0159652495756745, 1519523412.62152
2, 0, 0, 0, 0, 0.0159652495756745, 1519523412.65154
2, 0, 0, 0, 0, 0.0282133460044861, 1519523412.68534
2, 0, 0, 0, 0, 0.0282133460044861, 1519523412.68911
2, 0, 0, 0, 0, 0.0282133460044861, 1519523412.72026
2, 0, 0, 0, 0, 0.0282133460044861, 1519523412.77024
2, 0, 0, 0, 0, 0.0282133460044861, 1519523412.82028
2, 0, 0, 0, 0, 0.0282133460044861, 1519523412.85279
2, 0, 0, 0, 0, 0.0282133460044861, 1519523412.88904
2, 0, 0, 0, 0, 0.0282133460044861, 1519523412.93906
2, 0, 0, 0, 0, 0.0282133460044861, 1519523412.95662
2, 0, 0, 0, 0, 0.0282133460044861, 1519523412.98778
2, 0, 0, 0, 0, 0.0282133460044861, 1519523413.03781
2, 0, 0, 0, 0, 0.0282133460044861, 1519523413.0879
2, 0, 0, 0, 0, 0.0282133460044861, 1519523413.09148
2, 0, 0, 0, 0, 0.0282133460044861, 1519523413.12278
2, 0, 0, 0, 0, 0.0282133460044861, 1519523413.1729
2, 0, 0, 0, 0, 0.0282133460044861, 1519523413.22292
2, 0, 0, 0, 0, 0.0282133460044861, 1519523413.22402
2, 0, 0, 0, 0, 0.0282133460044861, 1519523413.25778
2, 0, 0, 0, 0, 0.0282133460044861, 1519523413.29279
2, 0, 0, 0, 0, 0.040461441129446, 1519523413.32531
2, 0, 0, 0, 0, 0.052709536254406, 1519523413.35775
2, 0, 0, 0, 0, 0.052709536254406, 1519523413.36398
2, 0, 0, 0, 0, 0.0649576313793659, 1519523413.39408
2, 0, 0, 0, 0, 0.0649576313793659, 1519523413.42537
2, 0, 0, 0, 0, 0.0649576313793659, 1519523413.46159
2, 0, 0, 0, 0, 0.0649576313793659, 1519523413.51162
2, 0, 0, 0, 0, 0.0772057265043259, 1519523413.52901
2, 0, 0, 0, 0, 0.101701916754246, 1519523413.56028
2, 0, 0, 0, 0, 0.113950006663799, 1519523413.56645
2, 0, 0, 0, 0, 0.138446196913719, 1519523413.5965
2, 0, 0, 0, 0, 0.150694297254086, 1519523413.62786
2, 0, 0, 0, 0, 0.162942387163639, 1519523413.63399
2, 0, 0, 0, 0, 0.162942387163639, 1519523413.66409
2, 0, 0, 0, 0, 0.162942387163639, 1519523413.69541
2, 0, 0, 0, 0, 0.162942387163639, 1519523413.7454
2, 0, 0, 0, 0, 0.162942387163639, 1519523413.76278
2, 0, 0, 0, 0, 0.162942387163639, 1519523413.76519
2, 0, 0, 0, 0, 0.162942387163639, 1519523413.79648
2, 0, 0, 0, 0, 0.138446196913719, 1519523413.80028
2, 0, 0, 0, 0, 0.0649576313793659, 1519523413.83024
2, 0, 0, 0, 0, 0.052709536254406, 1519523413.86405
2, 0, 0, 0, 0, 0.052709536254406, 1519523413.8965
2, 0, 0, 0, 0, 0.052709536254406, 1519523413.93275
2, 0, 0, 0, 0, 0.052709536254406, 1519523413.96398
2, 0, 0, 0, 0, 0.052709536254406, 1519523414.00029
2, 0, 0, 0, 0, 0.040461441129446, 1519523414.03144
2, 0, 0, 0, 0, 0.0282133460044861, 1519523414.03775
2, -0, 0, 0, 0, -0, 1519523414.06778
2, -0, 0, 0, 0, -0, 1519523414.11788
2, -0, 0, 0, 0, -0, 1519523414.13528
2, -0, 0, 0, 0, -0, 1519523414.17273
2, -0, 0, 0, 0, -0, 1519523414.20278
2, -0, 0, 0, 0, -0, 1519523414.23403
2, -0, 0, 0, 0, -0, 1519523414.2703
2, -0, 0, 0, 0, -0, 1519523414.30524
2, -0, 0, 0, 0, -0, 1519523414.35533
2, -0, 0, 0, 0, -0, 1519523414.37272
2, -0, 0, 0, 0, -0, 1519523414.40277
2, -0, 0, 0, 0, -0, 1519523414.40646
2, -0, 0, 0, 0, -0.0404139678925276, 1519523414.43649
2, -0, 0, 0, 0, -0.0404139678925276, 1519523414.44029
2, -0, 0, 0, 0, -0.0771582506597042, 1519523414.47025
2, -0, 0, 0, 0, -0.101654446125031, 1519523414.47269
2, -0, 0, 0, 0, -0.19963920712471, 1519523414.50288
2, -0, 0, 0, 0, -0.24863158762455, 1519523414.53903
2, -0, 0, 0, 0, -0.285375878214836, 1519523414.57028
2, -0, 0, 0, 0, -0.309872058033943, 1519523414.57648
2, -0, 0, 0, 0, -0.371112549304962, 1519523414.60648
2, -0, 0, 0, 0, -0.407856839895248, 1519523414.6378
2, -0, 0, 0, 0, -0.432353019714355, 1519523414.64398
2, -0, 0, 0, 0, -0.469097310304642, 1519523414.67402
2, -0, 0, 0, 0, -0.505841600894928, 1519523414.7053
2, -0, 0, 0, 0, -0.518089669942856, 1519523414.71144
2, -0, 0, 0, 0, -0.603826361894607, 1519523414.74144
1.96507322788239, -0, 0, 0, 0, -0.65286620259285, 1519523414.77275
1.9475759267807, -0, 0, 0, 0, -0.65286620259285, 1519523414.77897
1.93007874488831, -0, 0, 0, 0, -0.665114271640778, 1519523414.80919
1.89508414268494, -0, 0, 0, 0, -0.677362382411957, 1519523414.84029
1.89508414268494, -0, 0, 0, 0, -0.701858603954315, 1519523414.84645
1.87758684158325, -0, 0, 0, 0, -0.775347185134888, 1519523414.8765
1.82509505748749, -0, 0, 0, 0, -0.787595212459564, 1519523414.90779
1.8075977563858, -0, 0, 0, 0, -0.799843323230743, 1519523414.91143
1.77260315418243, -0, 0, 0, 0, -0.799843323230743, 1519523414.94158
1.77260315418243, -0, 0, 0, 0, -0.799843323230743, 1519523414.94528
1.75510597229004, -0, 0, 0, 0, -0.799843323230743, 1519523414.97652
1.75510597229004, -0, 0, 0, 0, -0.799843323230743, 1519523414.9778
1.73760867118835, -0, 0, 0, 0, -0.812091434001923, 1519523415.00908
1.73760867118835, -0, 0, 0, 0, -0.812091434001923, 1519523415.01275
1.73760867118835, -0, 0, 0, 0, -0.824339544773102, 1519523415.04286
1.73760867118835, -0, 0, 0, 0, -0.824339544773102, 1519523415.0441
1.72011137008667, -0, 0, 0, 0, -0.836587655544281, 1519523415.07529
1.70261406898499, -0, 0, 0, 0, -0.848835682868957, 1519523415.0815
1.70261406898499, -0, 0, 0, 0, -0.861083793640137, 1519523415.11151
1.70261406898499, -0, 0, 0, 0, -0.873331904411316, 1519523415.14279
1.70261406898499, -0, 0, 0, 0, -0.885580015182495, 1519523415.14898
1.6851167678833, -0, 0, 0, 0, -0.946820485591888, 1519523415.17901
1.6851167678833, -0, 0, 0, 0, -0.971316707134247, 1519523415.21029
1.6851167678833, -0, 0, 0, 0, -1.00806095600128, 1519523415.24651
1.63262498378754, -0, 0, 0, 0, -1.03255717754364, 1519523415.27781
1.58013308048248, -0, 0, 0, 0, -1.04480520486832, 1519523415.28404
1.5451385974884, -0, 0, 0, 0, -1.0570533156395, 1519523415.31414
1.49264669418335, -0, 0, 0, 0, -1.13054189682007, 1519523415.34538
1.47514951229095, -0, 0, 0, 0, -1.14279000759125, 1519523415.35154
1.45765221118927, -0, 0, 0, 0, -1.17953425645828, 1519523415.38153
1.45765221118927, -0, 0, 0, 0, -1.19178236722946, 1519523415.41277
1.44015491008759, -0, 0, 0, 0, -1.19178236722946, 1519523415.41903
1.44015491008759, -0, 0, 0, 0, -1.19178236722946, 1519523415.44903
1.44015491008759, -0, 0, 0, 0, -1.20403047800064, 1519523415.48028
1.44015491008759, -0, 0, 0, 0, -1.20403047800064, 1519523415.48404
1.44015491008759, -0, 0, 0, 0, -1.20403047800064, 1519523415.51781
1.44015491008759, -0, 0, 0, 0, -1.20403047800064, 1519523415.54783
1.44015491008759, -0, 0, 0, 0, -1.21627858877182, 1519523415.55151
1.44015491008759, -0, 0, 0, 0, -1.21627858877182, 1519523415.5816
1.44015491008759, -0, 0, 0, 0, -1.228526699543, 1519523415.6153
1.44015491008759, -0, 0, 0, 0, -1.24077472686768, 1519523415.61942
1.4226576089859, -0, 0, 0, 0, -1.25302283763885, 1519523415.65406
1.4226576089859, -0, 0, 0, 0, -1.26527094841003, 1519523415.68473
1.4226576089859, -0, 0, 0, 0, -1.28976716995239, 1519523415.71539
1.4226576089859, -0, 0, 0, 0, -1.28976716995239, 1519523415.72153
1.4226576089859, -0, 0, 0, 0, -1.30201519727707, 1519523415.75171
1.4226576089859, -0, 0, 0, 0, -1.31426330804825, 1519523415.7839
1.4226576089859, -0, 0, 0, 0, -1.31426330804825, 1519523415.78903
1.4226576089859, -0, 0, 0, 0, -1.32651141881943, 1519523415.81908
1.4226576089859, -0, 0, 0, 0, -1.33875952959061, 1519523415.85358
1.4226576089859, -0, 0, 0, 0, -1.35100764036179, 1519523415.8565
1.4226576089859, -0, 0, 0, 0, -1.38775188922882, 1519523415.88666
1.4226576089859, -0, 0, 0, 0, -1.4, 1519523415.91799
1.40516030788422, -0, 0, 0, 0, -1.4, 1519523415.95405
1.40516030788422, -0, 0, 0, 0, -1.4, 1519523415.98525
1.40516030788422, -0, 0, 0, 0, -1.4, 1519523415.99149
1.282679438591, -0, 0, 0, 0, -1.4, 1519523416.02158
1.23018753528595, -0, 0, 0, 0, -1.4, 1519523416.05285
1.19519305229187, -0, 0, 0, 0, -1.4, 1519523416.05655
1.1601984500885, -0, 0, 0, 0, -1.4, 1519523416.08656
1.09020936489105, -0, 0, 0, 0, -1.4, 1519523416.09023
0.950231075286865, -0, 0, 0, 0, -1.4, 1519523416.12043
0.932733833789825, -0, 0, 0, 0, -1.4, 1519523416.12405
0.757693231105804, -0, 0, 0, 0, -1.4, 1519523416.15408
0.652709543704987, -0, 0, 0, 0, -1.4, 1519523416.15777
0.617715001106262, -0, 0, 0, 0, -1.4, 1519523416.18785
0.600217700004578, -0, 0, 0, 0, -1.4, 1519523416.22034
0.49523401260376, -0, 0, 0, 0, -1.4, 1519523416.22655
0.390250355005264, -0, 0, 0, 0, -1.4, 1519523416.25666
0.355255782604218, -0, 0, 0, 0, -1.4, 1519523416.25779
0.285266667604446, -0, 0, 0, 0, -1.4, 1519523416.28781
0.285266667604446, -0, 0, 0, 0, -1.4, 1519523416.29407
0.267769396305084, -0, 0, 0, 0, -1.4, 1519523416.32532
0.267769396305084, -0, 0, 0, 0, -1.4, 1519523416.3566
0.267769396305084, -0, 0, 0, 0, -1.4, 1519523416.35772
0.267769396305084, -0, 0, 0, 0, -1.4, 1519523416.38905
0.267769396305084, -0, 0, 0, 0, -1.4, 1519523416.39525
0.267769396305084, -0, 0, 0, 0, -1.4, 1519523416.42535
0.267769396305084, -0, 0, 0, 0, -1.4, 1519523416.45652
0.267769396305084, -0, 0, 0, 0, -1.4, 1519523416.46273
0.267769396305084, -0, 0, 0, 0, -1.4, 1519523416.49284
0.267769396305084, -0, 0, 0, 0, -1.4, 1519523416.52407
0.267769396305084, -0, 0, 0, 0, -1.4, 1519523416.53021
0.267769396305084, -0, 0, 0, 0, -1.4, 1519523416.56033
0.267769396305084, -0, 0, 0, 0, -1.4, 1519523416.59158
0.285266667604446, -0, 0, 0, 0, -1.4, 1519523416.59519
0.320261240005493, -0, 0, 0, 0, -1.4, 1519523416.62533
0.337758511304855, -0, 0, 0, 0, -1.4, 1519523416.62904
0.337758511304855, -0, 0, 0, 0, -1.4, 1519523416.65908
0.355255782604218, -0, 0, 0, 0, -1.4, 1519523416.66266
0.372753083705902, -0, 0, 0, 0, -1.4, 1519523416.69401
0.372753083705902, -0, 0, 0, 0, -1.4, 1519523416.6953
0.407747626304626, -0, 0, 0, 0, -1.4, 1519523416.7266
0.407747626304626, -0, 0, 0, 0, -1.4, 1519523416.7302
0.442742198705673, -0, 0, 0, 0, -1.4, 1519523416.76027
0.460239470005035, -0, 0, 0, 0, -1.4, 1519523416.76399
0.477736741304398, -0, 0, 0, 0, -1.4, 1519523416.79399
0.477736741304398, -0, 0, 0, 0, -1.4, 1519523416.7952
0.49523401260376, -0, 0, 0, 0, -1.4, 1519523416.82662
0.512731313705444, -0, 0, 0, 0, -1.4, 1519523416.8328
0.582720398902893, -0, 0, 0, 0, -1.4, 1519523416.86278
0.600217700004578, -0, 0, 0, 0, -1.4, 1519523416.89452
0.600217700004578, -0, 0, 0, 0, -1.4, 1519523416.90036
0.600217700004578, -0, 0, 0, 0, -1.4, 1519523416.93037
0.617715001106262, -0, 0, 0, 0, -1.4, 1519523416.96151
0.617715001106262, -0, 0, 0, 0, -1.4, 1519523416.96779
0.617715001106262, -0, 0, 0, 0, -1.4, 1519523416.9978
0.635212242603302, -0, 0, 0, 0, -1.4, 1519523417.03034
0.652709543704987, -0, 0, 0, 0, -1.4, 1519523417.03158
0.757693231105804, -0, 0, 0, 0, -1.36325575113297, 1519523417.06277
0.757693231105804, -0, 0, 0, 0, -1.36325575113297, 1519523417.06909
0.827682316303253, -0, 0, 0, 0, -1.32651141881943, 1519523417.09902
0.880174160003662, -0, 0, 0, 0, -1.31426330804825, 1519523417.13021
0.897739231586456, -0, 0, 0, 0, -1.28976716995239, 1519523417.13776
0.915236532688141, -0, 0, 0, 0, -1.26527094841003, 1519523417.16776
0.950231075286865, -0, 0, 0, 0, -1.21627858877182, 1519523417.20035
0.985225677490234, -0, 0, 0, 0, -1.14279000759125, 1519523417.23152
1.02022016048431, -0, 0, 0, 0, -1.14279000759125, 1519523417.23782
1.05521476268768, -0, 0, 0, 0, -1.13054189682007, 1519523417.26772
1.09020936489105, -0, 0, 0, 0, -1.11829378604889, 1519523417.29909
1.12520384788513, -0, 0, 0, 0, -1.09379764795303, 1519523417.30273
1.17769575119019, -0, 0, 0, 0, -1.03255717754364, 1519523417.33277
1.21269023418427, -0, 0, 0, 0, -0.983564734458923, 1519523417.33648
1.31767392158508, -0, 0, 0, 0, -0.873331904411316, 1519523417.36657
1.38766300678253, -0, 0, 0, 0, -0.848835682868957, 1519523417.36899
1.40516030788422, -0, 0, 0, 0, -0.824339544773102, 1519523417.39912
1.4226576089859, -0, 0, 0, 0, -0.824339544773102, 1519523417.40528
1.45765221118927, -0, 0, 0, 0, -0.787595212459564, 1519523417.44029
1.5451385974884, -0, 0, 0, 0, -0.701858603954315, 1519523417.4715
1.6851167678833, -0, 0, 0, 0, -0.689610493183136, 1519523417.50282
1.70261406898499, -0, 0, 0, 0, -0.689610493183136, 1519523417.53403
1.72011137008667, -0, 0, 0, 0, -0.677362382411957, 1519523417.56532
1.8075977563858, -0, 0, 0, 0, -0.65286620259285, 1519523417.59782
1.87758684158325, -0, 0, 0, 0, -0.65286620259285, 1519523417.62909
1.87758684158325, -0, 0, 0, 0, -0.603826361894607, 1519523417.66156
1.89508414268494, -0, 0, 0, 0, -0.603826361894607, 1519523417.69281
1.89508414268494, -0, 0, 0, 0, -0.603826361894607, 1519523417.69406
1.89508414268494, -0, 0, 0, 0, -0.591578251123428, 1519523417.72528
1.89508414268494, -0, 0, 0, 0, -0.591578251123428, 1519523417.76157
1.89508414268494, -0, 0, 0, 0, -0.591578251123428, 1519523417.79275
1.89508414268494, -0, 0, 0, 0, -0.591578251123428, 1519523417.79647
1.89508414268494, -0, 0, 0, 0, -0.591578251123428, 1519523417.82653
1.89508414268494, -0, 0, 0, 0, -0.591578251123428, 1519523417.86405
1.89508414268494, -0, 0, 0, 0, -0.579330140352249, 1519523417.894
1.89508414268494, -0, 0, 0, 0, -0.554833960533142, 1519523417.89774
1.91258144378662, -0, 0, 0, 0, -0.505841600894928, 1519523417.92901
1.91258144378662, -0, 0, 0, 0, -0.48134537935257, 1519523417.93025
1.9475759267807, -0, 0, 0, 0, -0.432353019714355, 1519523417.96282
1.96507322788239, -0, 0, 0, 0, -0.371112549304962, 1519523417.96403
2, -0, 0, 0, 0, -0.309872058033943, 1519523417.99428
2, -0, 0, 0, 0, -0.309872058033943, 1519523418.00028
2, -0, 0, 0, 0, -0.273127767443657, 1519523418.03025
2, -0, 0, 0, 0, -0.260879677534103, 1519523418.06785
2, -0, 0, 0, 0, -0.260879677534103, 1519523418.11791
2, -0, 0, 0, 0, -0.24863158762455, 1519523418.12903
2, -0, 0, 0, 0, -0.236383497714996, 1519523418.13532
2, -0, 0, 0, 0, -0.236383497714996, 1519523418.16531
2, -0, 0, 0, 0, -0.211887297034264, 1519523418.19656
2, -0, 0, 0, 0, -0.19963920712471, 1519523418.23277
2, -0, 0, 0, 0, -0.12615063637495, 1519523418.26402
2, -0, 0, 0, 0, -0.0894063457846642, 1519523418.27044
2, -0, 0, 0, 0, -0.0894063457846642, 1519523418.30037
2, -0, 0, 0, 0, -0.0771582506597042, 1519523418.33153
2, -0, 0, 0, 0, -0.0771582506597042, 1519523418.33525
2, -0, 0, 0, 0, -0.0649101555347443, 1519523418.36528
2, -0, 0, 0, 0, -0.0649101555347443, 1519523418.36899
2, -0, 0, 0, 0, -0.0526620604097843, 1519523418.39903
2, -0, 0, 0, 0, -0.0526620604097843, 1519523418.40278
2, -0, 0, 0, 0, -0.0526620604097843, 1519523418.43279
2, -0, 0, 0, 0, -0.0526620604097843, 1519523418.4365
2, -0, 0, 0, 0, -0.0526620604097843, 1519523418.46655
2, -0, 0, 0, 0, -0.0649101555347443, 1519523418.50015
2, -0, 0, 0, 0, -0.0649101555347443, 1519523418.54543
2, -0, 0, 0, 0, -0.0649101555347443, 1519523418.5778
2, -0, 0, 0, 0, -0.0649101555347443, 1519523418.6141
2, -0, 0, 0, 0, -0.0526620604097843, 1519523418.64569
2, -0, 0, 0, 0, -0.0649101555347443, 1519523418.68166
2, -0, 0, 0, 0, -0.0649101555347443, 1519523418.7191
2, -0, 0, 0, 0, -0.0649101555347443, 1519523418.74912
2, -0, 0, 0, 0, -0.0526620604097843, 1519523418.7817
2, -0, 0, 0, 0, -0.0649101555347443, 1519523418.81412
2, -0, 0, 0, 0, -0.0649101555347443, 1519523418.82033
2, -0, 0, 0, 0, -0.0526620604097843, 1519523418.85039
2, -0, 0, 0, 0, -0.0649101555347443, 1519523418.88525
2, -0, 0, 0, 0, -0.0649101555347443, 1519523418.93176
2, -0, 0, 0, 0, -0.0649101555347443, 1519523418.95034
2, -0, 0, 0, 0, -0.0649101555347443, 1519523418.98284
2, -0, 0, 0, 0, -0.0649101555347443, 1519523418.98651
2, -0, 0, 0, 0, -0.0649101555347443, 1519523419.01785
2, -0, 0, 0, 0, -0.0526620604097843, 1519523419.02165
2, -0, 0, 0, 0, -0.0649101555347443, 1519523419.05282
2, -0, 0, 0, 0, -0.0526620604097843, 1519523419.08409
2, -0, 0, 0, 0, -0.0526620604097843, 1519523419.08777
2, -0, 0, 0, 0, -0.0649101555347443, 1519523419.11787
2, -0, 0, 0, 0, -0.0526620604097843, 1519523419.12032
2, -0, 0, 0, 0, -0.0526620604097843, 1519523419.15285
2, -0, 0, 0, 0, -0.0649101555347443, 1519523419.15406
2, -0, 0, 0, 0, -0.0526620604097843, 1519523419.18412
2, -0, 0, 0, 0, -0.0526620604097843, 1519523419.23418
2, -0, 0, 0, 0, -0.0404139678925276, 1519523419.25175
2, -0, 0, 0, 0, -0.0404139678925276, 1519523419.25795
2, -0, 0, 0, 0, -0.0404139678925276, 1519523419.28784
2, -0, 0, 0, 0, -0.0404139678925276, 1519523419.31911
2, -0, 0, 0, 0, -0.0281658727675676, 1519523419.35546
2, -0, 0, 0, 0, -0.0281658727675676, 1519523419.38653
2, -0, 0, 0, 0, -0.0281658727675676, 1519523419.39277
2, -0, 0, 0, 0, -0.0159177763387561, 1519523419.42281
2, -0, 0, 0, 0, -0.00366968121379614, 1519523419.45408
2, -0, 0, 0, 0, -0.00366968121379614, 1519523419.49025
2, -0, 0, 0, 0, -0, 1519523419.52153
2, -0, 0, 0, 0, -0, 1519523419.5252
2, -0, 0, 0, 0, -0, 1519523419.5553
2, -0, 0, 0, 0, -0, 1519523419.55775
2, -0, 0, 0, 0, -0, 1519523419.58902
2, -0, 0, 0, 0, -0, 1519523419.63909
2, -0, 0, 0, 0, -0, 1519523419.66027
2, -0, 0, 0, 0, -0, 1519523419.69039
2, -0, 0, 0, 0, -0, 1519523419.69272
2, -0, 0, 0, 0, -0, 1519523419.72277
2, -0, 0, 0, 0, -0, 1519523419.72908
2, -0, 0, 0, 0, -0, 1519523419.75907
2, -0, 0, 0, 0, -0, 1519523419.79029
2, -0, 0, 0, 0, -0, 1519523419.82405
2, -0, 0, 0, 0, -0, 1519523419.86029
2, -0, 0, 0, 0, -0, 1519523419.8916
2, -0, 0, 0, 0, -0, 1519523419.89785
2, 0, 0, 0, 0, 0.0159652495756745, 1519523419.92791
2, 0, 0, 0, 0, 0.052709536254406, 1519523419.95905
2, 0, 0, 0, 0, 0.0649576313793659, 1519523419.96528
2, 0, 0, 0, 0, 0.150694297254086, 1519523419.99533
2, 0, 0, 0, 0, 0.175190487504005, 1519523420.02789
2, 0, 0, 0, 0, 0.187438577413559, 1519523420.02912
2, 0, 0, 0, 0, 0.187438577413559, 1519523420.06658
2, 0, 0, 0, 0, 0.199686667323112, 1519523420.09658
2, 0, 0, 0, 0, 0.224182868003845, 1519523420.12928
2, 0, 0, 0, 0, 0.248679047822952, 1519523420.13044
2, 0, 0, 0, 0, 0.260927158594131, 1519523420.16281
2, 0, 0, 0, 0, 0.273175248503685, 1519523420.19533
2, 0, 0, 0, 0, 0.273175248503685, 1519523420.19903
2, 0, 0, 0, 0, 0.285423338413239, 1519523420.2293
2, 0, 0, 0, 0, 0.285423338413239, 1519523420.23277
2, 0, 0, 0, 0, 0.309919539093971, 1519523420.26288
2, 0, 0, 0, 0, 0.309919539093971, 1519523420.26405
2, 0, 0, 0, 0, 0.322167629003525, 1519523420.26536
2, 0, 0, 0, 0, 0.346663808822632, 1519523420.29538
2, 0, 0, 0, 0, 0.371159988641739, 1519523420.3016
2, 0, 0, 0, 0, 0.420152390003204, 1519523420.3316
2, 0, 0, 0, 0, 0.420152390003204, 1519523420.38339
2, 0, 0, 0, 0, 0.420152390003204, 1519523420.39927
2, 0, 0, 0, 0, 0.420152390003204, 1519523420.44939
2, 0, 0, 0, 0, 0.420152390003204, 1519523420.49952
2, 0, 0, 0, 0, 0.420152390003204, 1519523420.50405
2, 0, 0, 0, 0, 0.432400500774384, 1519523420.53411
2, 0, 0, 0, 0, 0.432400500774384, 1519523420.56534
2, 0, 0, 0, 0, 0.432400500774384, 1519523420.57156
2, 0, 0, 0, 0, 0.432400500774384, 1519523420.62165
2, 0, 0, 0, 0, 0.432400500774384, 1519523420.67171
2, 0, 0, 0, 0, 0.432400500774384, 1519523420.70038
2, 0, 0, 0, 0, 0.432400500774384, 1519523420.73406
2, 0, 0, 0, 0, 0.432400500774384, 1519523420.77152
2, 0, 0, 0, 0, 0.432400500774384, 1519523420.8216
2, 0, 0, 0, 0, 0.432400500774384, 1519523420.86906
2, 0, 0, 0, 0, 0.432400500774384, 1519523420.90156
2, 0, 0, 0, 0, 0.432400500774384, 1519523420.90783
2, 0, 0, 0, 0, 0.432400500774384, 1519523420.95786
2, 0, 0, 0, 0, 0.432400500774384, 1519523420.97531
2, 0, 0, 0, 0, 0.432400500774384, 1519523421.00533
2, 0, 0, 0, 0, 0.432400500774384, 1519523421.04281
2, 0, 0, 0, 0, 0.432400500774384, 1519523421.07281
2, 0, 0, 0, 0, 0.432400500774384, 1519523421.11064
2, 0, 0, 0, 0, 0.432400500774384, 1519523421.14035
2, 0, 0, 0, 0, 0.432400500774384, 1519523421.17154
2, 0, 0, 0, 0, 0.432400500774384, 1519523421.22164
2, 0, 0, 0, 0, 0.432400500774384, 1519523421.24281
2, 0, 0, 0, 0, 0.432400500774384, 1519523421.29306
2, 0, 0, 0, 0, 0.432400500774384, 1519523421.30657
2, 0, 0, 0, 0, 0.432400500774384, 1519523421.31035
2, 0, 0, 0, 0, 0.432400500774384, 1519523421.34032
2, 0, 0, 0, 0, 0.432400500774384, 1519523421.37409
2, 0, 0, 0, 0, 0.432400500774384, 1519523421.40785
2, 0, 0, 0, 0, 0.420152390003204, 1519523421.44157
2, 0, 0, 0, 0, 0.407904279232025, 1519523421.44407
2, 0, 0, 0, 0, 0.346663808822632, 1519523421.47406
2, 0, 0, 0, 0, 0.334415718913078, 1519523421.48034
2, 0, 0, 0, 0, 0.334415718913078, 1519523421.51062
2, 0, 0, 0, 0, 0.334415718913078, 1519523421.54162
2, 0, 0, 0, 0, 0.309919539093971, 1519523421.57788
2, 0, 0, 0, 0, 0.273175248503685, 1519523421.60914
2, 0, 0, 0, 0, 0.248679047822952, 1519523421.61538
2, 0, 0, 0, 0, 0.187438577413559, 1519523421.64531
2, 0, 0, 0, 0, 0.175190487504005, 1519523421.67667
2, 0, 0, 0, 0, 0.162942387163639, 1519523421.68531
2, 0, 0, 0, 0, 0.0649576313793659, 1519523421.7154
2, 0, 0, 0, 0, 0.040461441129446, 1519523421.7466
2, 0, 0, 0, 0, 0.0282133460044861, 1519523421.77783
2, 0, 0, 0, 0, 0.0282133460044861, 1519523421.78417
2, -0, 0, 0, 0, -0, 1519523421.81408
2, -0, 0, 0, 0, -0, 1519523421.84538
2, -0, 0, 0, 0, -0, 1519523421.84912
2, -0, 0, 0, 0, -0, 1519523421.87914
2, -0, 0, 0, 0, -0, 1519523421.88285
2, -0, 0, 0, 0, -0, 1519523421.91283
2, -0, 0, 0, 0, -0, 1519523421.94915
2, -0, 0, 0, 0, -0, 1519523421.98168
2, -0, 0, 0, 0, -0, 1519523422.03166
2, -0, 0, 0, 0, -0, 1519523422.07155
2, -0, 0, 0, 0, -0, 1519523422.1041
2, -0, 0, 0, 0, -0, 1519523422.15417
2, -0, 0, 0, 0, -0, 1519523422.17407
2, -0, 0, 0, 0, -0, 1519523422.20534
2, -0, 0, 0, 0, -0, 1519523422.23781
2, -0, 0, 0, 0, -0, 1519523422.27405
2, -0, 0, 0, 0, -0, 1519523422.32412
2, -0, 0, 0, 0, -0, 1519523422.33894
2, -0, 0, 0, 0, -0, 1519523422.35283
2, -0, 0, 0, 0, -0, 1519523422.38659
2, -0, 0, 0, 0, -0, 1519523422.41782
2, -0, 0, 0, 0, -0, 1519523422.42157
2, -0, 0, 0, 0, -0, 1519523422.4516
2, -0, 0, 0, 0, -0, 1519523422.45657
2, -0, 0, 0, 0, -0, 1519523422.50668
2, -0, 0, 0, 0, -0, 1519523422.51669
2, -0, 0, 0, 0, -0, 1519523422.56679
2, -0, 0, 0, 0, -0, 1519523422.5779
2, -0, 0, 0, 0, -0, 1519523422.60784
2, -0, 0, 0, 0, -0, 1519523422.64406
2, -0, 0, 0, 0, -0, 1519523422.69414
2, -0, 0, 0, 0, -0, 1519523422.71157
2, -0, 0, 0, 0, -0.0404139678925276, 1519523422.74301
2, -0, 0, 0, 0, -0.0771582506597042, 1519523422.74913
2, -0, 0, 0, 0, -0.19963920712471, 1519523422.77915
2, -0, 0, 0, 0, -0.236383497714996, 1519523422.81044
2, -0, 0, 0, 0, -0.260879677534103, 1519523422.84915
2, -0, 0, 0, 0, -0.273127767443657, 1519523422.88037
2, -0, 0, 0, 0, -0.260879677534103, 1519523422.91163
2, -0, 0, 0, 0, -0.273127767443657, 1519523422.91781
2, -0, 0, 0, 0, -0.273127767443657, 1519523422.94786
2, -0, 0, 0, 0, -0.273127767443657, 1519523422.97916
2, -0, 0, 0, 0, -0.273127767443657, 1519523423.01295
2, -0, 0, 0, 0, -0.309872058033943, 1519523423.04658
2, -0, 0, 0, 0, -0.346616348624229, 1519523423.05044
2, -0, 0, 0, 0, -0.38336061835289, 1519523423.08043
2, -0, 0, 0, 0, -0.395608729124069, 1519523423.0841
2, -0, 0, 0, 0, -0.395608729124069, 1519523423.11414
2, -0, 0, 0, 0, -0.407856839895248, 1519523423.11783
2, -0, 0, 0, 0, -0.432353019714355, 1519523423.14792
2, -0, 0, 0, 0, -0.432353019714355, 1519523423.18166
2, -0, 0, 0, 0, -0.432353019714355, 1519523423.18295
2, -0, 0, 0, 0, -0.444601088762283, 1519523423.18406
2, -0, 0, 0, 0, -0.469097310304642, 1519523423.22037
2, -0, 0, 0, 0, -0.469097310304642, 1519523423.25031
2, -0, 0, 0, 0, -0.469097310304642, 1519523423.28165
2, -0, 0, 0, 0, -0.493593490123749, 1519523423.31795
2, -0, 0, 0, 0, -0.505841600894928, 1519523423.34923
2, -0, 0, 0, 0, -0.518089669942856, 1519523423.3554
2, -0, 0, 0, 0, -0.554833960533142, 1519523423.3854
2, -0, 0, 0, 0, -0.567082071304321, 1519523423.41661
2, -0, 0, 0, 0, -0.579330140352249, 1519523423.42284
2, -0, 0, 0, 0, -0.591578251123428, 1519523423.45281
2, -0, 0, 0, 0, -0.591578251123428, 1519523423.49026
2, -0, 0, 0, 0, -0.591578251123428, 1519523423.52032
2, -0, 0, 0, 0, -0.591578251123428, 1519523423.5578
2, -0, 0, 0, 0, -0.603826361894607, 1519523423.58788
2, -0, 0, 0, 0, -0.603826361894607, 1519523423.63798
2, -0, 0, 0, 0, -0.603826361894607, 1519523423.68803
2, -0, 0, 0, 0, -0.603826361894607, 1519523423.70159
2, -0, 0, 0, 0, -0.603826361894607, 1519523423.75168
2, -0, 0, 0, 0, -0.603826361894607, 1519523423.76659
2, -0, 0, 0, 0, -0.603826361894607, 1519523423.81666
2, -0, 0, 0, 0, -0.603826361894607, 1519523423.83408
2, -0, 0, 0, 0, -0.603826361894607, 1519523423.88412
2, -0, 0, 0, 0, -0.603826361894607, 1519523423.90159
2, -0, 0, 0, 0, -0.603826361894607, 1519523423.95164
2, -0, 0, 0, 0, -0.603826361894607, 1519523424.00174
2, -0, 0, 0, 0, -0.603826361894607, 1519523424.00653
2, -0, 0, 0, 0, -0.603826361894607, 1519523424.03665
2, -0, 0, 0, 0, -0.603826361894607, 1519523424.06789
2, -0, 0, 0, 0, -0.603826361894607, 1519523424.07408
2, -0, 0, 0, 0, -0.603826361894607, 1519523424.10409
2, -0, 0, 0, 0, -0.603826361894607, 1519523424.15416
2, -0, 0, 0, 0, -0.603826361894607, 1519523424.16908
2, -0, 0, 0, 0, -0.603826361894607, 1519523424.20285
2, -0, 0, 0, 0, -0.603826361894607, 1519523424.23658
2, -0, 0, 0, 0, -0.603826361894607, 1519523424.27034
2, -0, 0, 0, 0, -0.603826361894607, 1519523424.27403
2, -0, 0, 0, 0, -0.603826361894607, 1519523424.30417
2, -0, 0, 0, 0, -0.603826361894607, 1519523424.33909
2, -0, 0, 0, 0, -0.603826361894607, 1519523424.37053
2, -0, 0, 0, 0, -0.603826361894607, 1519523424.40662
2, -0, 0, 0, 0, -0.603826361894607, 1519523424.44036
2, -0, 0, 0, 0, -0.603826361894607, 1519523424.47157
2, -0, 0, 0, 0, -0.603826361894607, 1519523424.50792
2, -0, 0, 0, 0, -0.603826361894607, 1519523424.5391
2, -0, 0, 0, 0, -0.591578251123428, 1519523424.54539
2, -0, 0, 0, 0, -0.591578251123428, 1519523424.57542
2, -0, 0, 0, 0, -0.591578251123428, 1519523424.60658
2, -0, 0, 0, 0, -0.579330140352249, 1519523424.61288
2, -0, 0, 0, 0, -0.48134537935257, 1519523424.64296
2, -0, 0, 0, 0, -0.407856839895248, 1519523424.67412
2, -0, 0, 0, 0, -0.358864438533783, 1519523424.68038
2, -0, 0, 0, 0, -0.162894916534424, 1519523424.71034
2, -0, 0, 0, 0, -0.0526620604097843, 1519523424.7417
2, -0, 0, 0, 0, -0.0159177763387561, 1519523424.74537
2, -0, 0, 0, 0, -0, 1519523424.77544
2, -0, 0, 0, 0, -0, 1519523424.77908
2, -0, 0, 0, 0, -0, 1519523424.82927
2, -0, 0, 0, 0, -0, 1519523424.84293
2, 0, 0, 0, 0, 0.0159652495756745, 1519523424.84658
2, 0, 0, 0, 0, 0.0894538164138794, 1519523424.87665
2, 0, 0, 0, 0, 0.162942387163639, 1519523424.88053
2, 0, 0, 0, 0, 0.211934778094292, 1519523424.91166
2, 0, 0, 0, 0, 0.285423338413239, 1519523424.91409
2, 0, 0, 0, 0, 0.420152390003204, 1519523424.94554
2, 0, 0, 0, 0, 0.456896680593491, 1519523424.94664
2, 0, 0, 0, 0, 0.579377621412277, 1519523424.97662
2, 0, 0, 0, 0, 0.640665572881699, 1519523424.98286
2, 0, 0, 0, 0, 0.701906085014343, 1519523425.01285
2, 0, 0, 0, 0, 0.787642693519592, 1519523425.0441
2, 0, 0, 0, 0, 0.799890804290771, 1519523425.05038
2, 0, 0, 0, 0, 0.910123634338379, 1519523425.08053
2, 0, 0, 0, 0, 0.910123634338379, 1519523425.11188
2, 0, 0, 0, 0, 0.922371745109558, 1519523425.11784
2, 0, 0, 0, 0, 0.922371745109558, 1519523425.14799
2, 0, 0, 0, 0, 0.971364104747772, 1519523425.17917
2, 0, 0, 0, 0, 1.10609315633774, 1519523425.21059
1.9475759267807, 0, 0, 0, 0, 1.1305893778801, 1519523425.24161
1.91258144378662, 0, 0, 0, 0, 1.16733362674713, 1519523425.27282
1.89508414268494, 0, 0, 0, 0, 1.19182984828949, 1519523425.30416
1.87758684158325, 0, 0, 0, 0, 1.21632606983185, 1519523425.30553
1.82509505748749, 0, 0, 0, 0, 1.22857418060303, 1519523425.33657
1.8075977563858, 0, 0, 0, 0, 1.22857418060303, 1519523425.34032
1.77260315418243, 0, 0, 0, 0, 1.22857418060303, 1519523425.37042
1.75510597229004, 0, 0, 0, 0, 1.22857418060303, 1519523425.37406
1.72011137008667, 0, 0, 0, 0, 1.25307031869888, 1519523425.40411
1.70261406898499, 0, 0, 0, 0, 1.27756654024124, 1519523425.40793
1.6851167678833, 0, 0, 0, 0, 1.28981465101242, 1519523425.43785
1.6851167678833, 0, 0, 0, 0, 1.3020626783371, 1519523425.44158
1.6851167678833, 0, 0, 0, 0, 1.28981465101242, 1519523425.47158
1.6851167678833, 0, 0, 0, 0, 1.28981465101242, 1519523425.50571
1.6851167678833, 0, 0, 0, 0, 1.3020626783371, 1519523425.53785
1.6851167678833, 0, 0, 0, 0, 1.3020626783371, 1519523425.54562
1.6851167678833, 0, 0, 0, 0, 1.3020626783371, 1519523425.57422
1.6851167678833, 0, 0, 0, 0, 1.3020626783371, 1519523425.60537
1.6851167678833, 0, 0, 0, 0, 1.3020626783371, 1519523425.61162
1.6851167678833, 0, 0, 0, 0, 1.3020626783371, 1519523425.64166
1.6851167678833, 0, 0, 0, 0, 1.3020626783371, 1519523425.67283
1.6851167678833, 0, 0, 0, 0, 1.3020626783371, 1519523425.7092
1.6851167678833, 0, 0, 0, 0, 1.28981465101242, 1519523425.7404
1.6851167678833, 0, 0, 0, 0, 1.22857418060303, 1519523425.74659
1.6851167678833, 0, 0, 0, 0, 1.09384512901306, 1519523425.77673
1.6851167678833, 0, 0, 0, 0, 1.04485268592834, 1519523425.80789
1.6851167678833, 0, 0, 0, 0, 1.03260465860367, 1519523425.81409
1.6851167678833, 0, 0, 0, 0, 0.922371745109558, 1519523425.8442
1.6851167678833, 0, 0, 0, 0, 0.82438702583313, 1519523425.87539
1.6851167678833, 0, 0, 0, 0, 0.787642693519592, 1519523425.88161
1.6851167678833, 0, 0, 0, 0, 0.665161752700806, 1519523425.91375
1.6851167678833, 0, 0, 0, 0, 0.652913683652878, 1519523425.94288
1.6851167678833, 0, 0, 0, 0, 0.603873801231384, 1519523425.9468
1.6851167678833, 0, 0, 0, 0, 0.542633330821991, 1519523425.97671
1.6851167678833, 0, 0, 0, 0, 0.456896680593491, 1519523425.98036
1.6851167678833, 0, 0, 0, 0, 0.334415718913078, 1519523426.01043
1.63262498378754, 0, 0, 0, 0, 0.260927158594131, 1519523426.01414
1.52764129638672, 0, 0, 0, 0, 0.187438577413559, 1519523426.04427
1.47514951229095, 0, 0, 0, 0, 0.175190487504005, 1519523426.04784
1.44015491008759, 0, 0, 0, 0, 0.052709536254406, 1519523426.07793
1.4226576089859, 0, 0, 0, 0, 0.0282133460044861, 1519523426.08059
1.40516030788422, -0, 0, 0, 0, -0, 1519523426.11039
1.33517122268677, -0, 0, 0, 0, -0, 1519523426.11659
1.1601984500885, -0, 0, 0, 0, -0, 1519523426.14681
1.10770654678345, -0, 0, 0, 0, -0, 1519523426.18051
1.05521476268768, -0, 0, 0, 0, -0.0159177763387561, 1519523426.19033
1.00272297859192, -0, 0, 0, 0, -0.0404139678925276, 1519523426.19159
0.950231075286865, -0, 0, 0, 0, -0.101654446125031, 1519523426.22295
0.932733833789825, -0, 0, 0, 0, -0.138398726284504, 1519523426.22909
0.880174160003662, -0, 0, 0, 0, -0.236383497714996, 1519523426.25912
0.757693231105804, -0, 0, 0, 0, -0.285375878214836, 1519523426.2904
0.652709543704987, -0, 0, 0, 0, -0.309872058033943, 1519523426.29679
0.600217700004578, -0, 0, 0, 0, -0.371112549304962, 1519523426.3266
0.477736741304398, -0, 0, 0, 0, -0.407856839895248, 1519523426.35786
0.442742198705673, -0, 0, 0, 0, -0.420104908943176, 1519523426.36406
0.390250355005264, -0, 0, 0, 0, -0.469097310304642, 1519523426.39409
0.372753083705902, -0, 0, 0, 0, -0.469097310304642, 1519523426.42661
0.355255782604218, -0, 0, 0, 0, -0.48134537935257, 1519523426.42801
0.337758511304855, -0, 0, 0, 0, -0.493593490123749, 1519523426.45911
0.337758511304855, -0, 0, 0, 0, -0.493593490123749, 1519523426.46543
0.337758511304855, -0, 0, 0, 0, -0.505841600894928, 1519523426.49542
0.337758511304855, -0, 0, 0, 0, -0.505841600894928, 1519523426.52667
0.337758511304855, -0, 0, 0, 0, -0.505841600894928, 1519523426.53048
0.337758511304855, -0, 0, 0, 0, -0.518089669942856, 1519523426.56047
0.337758511304855, -0, 0, 0, 0, -0.518089669942856, 1519523426.6105
0.337758511304855, -0, 0, 0, 0, -0.530337780714035, 1519523426.63155
0.337758511304855, -0, 0, 0, 0, -0.530337780714035, 1519523426.66161
0.337758511304855, -0, 0, 0, 0, -0.530337780714035, 1519523426.6941
0.337758511304855, -0, 0, 0, 0, -0.530337780714035, 1519523426.70031
0.337758511304855, -0, 0, 0, 0, -0.530337780714035, 1519523426.73041
0.337758511304855, -0, 0, 0, 0, -0.530337780714035, 1519523426.76167
0.337758511304855, -0, 0, 0, 0, -0.542585849761963, 1519523426.76786
0.337758511304855, -0, 0, 0, 0, -0.530337780714035, 1519523426.79796
0.337758511304855, -0, 0, 0, 0, -0.542585849761963, 1519523426.83536
0.337758511304855, -0, 0, 0, 0, -0.530337780714035, 1519523426.86541
0.337758511304855, -0, 0, 0, 0, -0.542585849761963, 1519523426.89751
0.337758511304855, -0, 0, 0, 0, -0.530337780714035, 1519523426.90412
0.337758511304855, -0, 0, 0, 0, -0.542585849761963, 1519523426.93413
0.337758511304855, -0, 0, 0, 0, -0.542585849761963, 1519523426.96542
0.337758511304855, -0, 0, 0, 0, -0.542585849761963, 1519523426.99796
0.337758511304855, -0, 0, 0, 0, -0.542585849761963, 1519523427.04795
0.337758511304855, -0, 0, 0, 0, -0.542585849761963, 1519523427.06552
0.337758511304855, -0, 0, 0, 0, -0.542585849761963, 1519523427.11556
0.337758511304855, -0, 0, 0, 0, -0.542585849761963, 1519523427.16659
0.337758511304855, -0, 0, 0, 0, -0.542585849761963, 1519523427.21665
0.337758511304855, -0, 0, 0, 0, -0.542585849761963, 1519523427.2341
0.337758511304855, -0, 0, 0, 0, -0.530337780714035, 1519523427.26905
0.337758511304855, -0, 0, 0, 0, -0.530337780714035, 1519523427.3004
0.337758511304855, -0, 0, 0, 0, -0.530337780714035, 1519523427.33664
0.337758511304855, -0, 0, 0, 0, -0.493593490123749, 1519523427.36788
0.337758511304855, -0, 0, 0, 0, -0.469097310304642, 1519523427.37418
0.337758511304855, -0, 0, 0, 0, -0.444601088762283, 1519523427.40411
0.337758511304855, -0, 0, 0, 0, -0.38336061835289, 1519523427.43543
0.337758511304855, -0, 0, 0, 0, -0.371112549304962, 1519523427.4417
0, 0, 0, 0, 0, 0, 1519523427.47051
