0, 0, 14540.9, 0, 14632.5, 1519523087.76559
0, 0, 14540.8671875, 0, 14632.4921875, 1519523087.81559
0, 0, 14540.8671875, 0, 14632.4931640625, 1519523087.86559
0, 0, 14540.8671875, 0, 14632.4931640625, 1519523087.91659
0, 0, 14540.8671875, 0, 14632.4931640625, 1519523087.96659
0, 0, 14540.8671875, 0, 14632.4931640625, 1519523088.01659
0, 0, 14540.8671875, 0, 14632.4931640625, 1519523088.06659
0, 0, 14540.8671875, 0, 14632.4931640625, 1519523088.11659
0, 0, 14540.8671875, 0, 14632.4931640625, 1519523088.16659
0, 0, 14540.8671875, 0, 14632.4931640625, 1519523088.21659
0, 0, 14540.8671875, 0, 14632.4931640625, 1519523088.26659
0, 0, 14540.8671875, 0, 14632.4931640625, 1519523088.31659
0, 0, 14540.8671875, 0, 14632.4931640625, 1519523088.36659
0, 0, 14540.8671875, 0, 14632.4931640625, 1519523088.41659
0, 0, 14540.8671875, 0, 14632.4931640625, 1519523088.46759
0, 0, 14540.8671875, 0, 14632.4931640625, 1519523088.51759
0, 0, 14540.8671875, 0, 14632.4931640625, 1519523088.56759
0, 0, 14540.8671875, 0, 14632.4931640625, 1519523088.61759
0, 0, 14540.8671875, 0, 14632.4931640625, 1519523088.66759
0, 0, 14540.8671875, 0, 14632.4931640625, 1519523088.71759
0, 0, 14540.8671875, 0, 14632.4931640625, 1519523088.76759
0, 0, 14540.8671875, 0, 14632.4931640625, 1519523088.81859
0, 0, 14540.8671875, 0, 14632.4931640625, 1519523088.86859
0, 0, 14540.8671875, 0, 14632.4931640625, 1519523088.91859
0, 0, 14540.8671875, 0, 14632.4931640625, 1519523088.96859
0, 0, 14540.8671875, 0, 14632.4931640625, 1519523089.01859
0, 0, 14540.8671875, 0, 14632.4931640625, 1519523089.06859
0, 0, 14540.8671875, 0, 14632.4931640625, 1519523089.11859
0, 0, 14540.8671875, 0, 14632.4931640625, 1519523089.16859
0, 0, 14540.8671875, 0, 14632.4931640625, 1519523089.21859
0, 0, 14540.8671875, 0, 14632.4931640625, 1519523089.26859
0, 0, 14540.8671875, 0, 14632.4931640625, 1519523089.31859
0, 0, 14540.8671875, 0, 14632.4931640625, 1519523089.36959
0, 0, 14540.8671875, 0, 14632.4931640625, 1519523089.41959
0, 0, 14540.8671875, 0, 14632.4931640625, 1519523089.46959
0, 0, 14540.8671875, 0, 14632.4931640625, 1519523089.51959
0, 0, 14540.8671875, 0, 14632.4931640625, 1519523089.56959
0, 0.251226931810379, 14540.8720703125, 0.502453863620758, 14632.5009765625, 1519523089.61959
0, 0.251226931810379, 14540.892578125, 0.502453863620758, 14632.5244140625, 1519523089.66959
0, 0.879294276237488, 14540.921875, 1.00490772724152, 14632.560546875, 1519523089.72063
0, 0.879294276237488, 14540.9697265625, 1.13052117824554, 14632.6142578125, 1519523089.77063
0, 1.75858855247498, 14541.0322265625, 2.00981545448303, 14632.6884765625, 1519523089.82063
0, 2.63788270950317, 14541.134765625, 2.88910961151123, 14632.80078125, 1519523089.87063
0, 2.88910961151123, 14541.26953125, 3.39156365394592, 14632.9453125, 1519523089.92063
0, 3.39156365394592, 14541.4375, 3.76840376853943, 14633.1240234375, 1519523089.97063
0, 4.27085781097412, 14541.623046875, 4.14524412155151, 14633.3232421875, 1519523090.02063
0, 4.27085781097412, 14541.8271484375, 4.52208471298218, 14633.5400390625, 1519523090.07063
0, 4.89892530441284, 14542.048828125, 5.15015172958374, 14633.7734375, 1519523090.12063
0, 4.77331161499023, 14542.2783203125, 5.02453851699829, 14634.01953125, 1519523090.17063
0, 5.77821922302246, 14542.521484375, 6.40628671646118, 14634.2939453125, 1519523090.22063
0, 5.65260601043701, 14542.798828125, 6.53189992904663, 14634.6083984375, 1519523090.27063
0, 5.90383291244507, 14543.0830078125, 6.78312730789185, 14634.9423828125, 1519523090.32163
0, 5.52699279785156, 14543.3623046875, 7.15996742248535, 14635.283203125, 1519523090.37163
0, 5.77821922302246, 14543.642578125, 7.15996742248535, 14635.6357421875, 1519523090.42163
0, 6.90874052047729, 14543.9658203125, 8.91855621337891, 14636.046875, 1519523090.47163
0, 7.15996742248535, 14544.30859375, 8.91855621337891, 14636.4892578125, 1519523090.52163
0, 8.29048824310303, 14544.689453125, 10.4259176254272, 14636.978515625, 1519523090.57163
0, 8.41610145568848, 14545.091796875, 10.6771440505981, 14637.490234375, 1519523090.62163
0, 8.41610145568848, 14545.51171875, 10.5515308380127, 14638.017578125, 1519523090.67263
0, 8.54171562194824, 14545.9287109375, 10.6771440505981, 14638.5380859375, 1519523090.72263
0, 8.66732883453369, 14546.349609375, 10.9283714294434, 14639.0654296875, 1519523090.77263
0, 8.79294300079346, 14546.7724609375, 11.0539855957031, 14639.595703125, 1519523090.82263
0, 8.79294300079346, 14547.1982421875, 10.8027572631836, 14640.125, 1519523090.87263
0, 8.54171562194824, 14547.619140625, 10.8027572631836, 14640.6572265625, 1519523090.92263
0, 9.1697826385498, 14548.05859375, 11.0539855957031, 14641.203125, 1519523090.97263
0, 9.1697826385498, 14548.5166015625, 10.8027572631836, 14641.7568359375, 1519523091.02363
0, 6.28067302703857, 14548.97265625, 7.20179748535156, 14642.2880859375, 1519523091.07363
0, 9.54662322998047, 14549.4404296875, 10.8027572631836, 14642.8115234375, 1519523091.12363
0, 10.174690246582, 14549.919921875, 11.1795978546143, 14643.3408203125, 1519523091.17363
0, 10.8027572631836, 14550.439453125, 10.9283714294434, 14643.87890625, 1519523091.22363
0, 10.9283714294434, 14550.9697265625, 10.9283714294434, 14644.4033203125, 1519523091.27363
0, 7.36924171447754, 14551.5068359375, 7.45302438735962, 14644.939453125, 1519523091.32363
0, 11.0539855957031, 14552.05859375, 11.1795978546143, 14645.48828125, 1519523091.37463
0, 11.0539855957031, 14552.5986328125, 11.1795978546143, 14646.0244140625, 1519523091.42463
0, 11.1795978546143, 14553.138671875, 10.6771440505981, 14646.55859375, 1519523091.47463
0, 11.1795978546143, 14553.68359375, 10.6771440505981, 14647.08984375, 1519523091.52463
0, 11.1795978546143, 14554.228515625, 10.8027572631836, 14647.619140625, 1519523091.57463
0, 11.4308252334595, 14554.783203125, 10.6771440505981, 14648.140625, 1519523091.62463
0, 11.5564384460449, 14555.3466796875, 10.5515308380127, 14648.6552734375, 1519523091.67463
0, 11.6820516586304, 14555.912109375, 10.5515308380127, 14649.1689453125, 1519523091.72463
0, 11.4308252334595, 14556.478515625, 10.4259176254272, 14649.677734375, 1519523091.77463
0, 11.6820516586304, 14557.046875, 10.5515308380127, 14650.189453125, 1519523091.82463
0, 11.6820516586304, 14557.6142578125, 10.4259176254272, 14650.701171875, 1519523091.87463
0, 12.1845064163208, 14558.19140625, 11.4308252334595, 14651.2265625, 1519523091.92463
0, 12.058892250061, 14558.78515625, 11.6820516586304, 14651.7900390625, 1519523091.97463
0, 12.1845064163208, 14559.3798828125, 12.3101196289062, 14652.3818359375, 1519523092.02463
0, 12.4357328414917, 14559.98046875, 12.6869602203369, 14652.9814453125, 1519523092.07463
0, 12.6869602203369, 14560.6044921875, 12.6869602203369, 14653.6083984375, 1519523092.12563
0, 12.5613460540771, 14561.220703125, 12.6869602203369, 14654.224609375, 1519523092.17563
0, 12.6869602203369, 14561.83984375, 12.8125734329224, 14654.845703125, 1519523092.22096
0, 12.6869602203369, 14562.45703125, 12.6869602203369, 14655.462890625, 1519523092.27096
0, 12.8125734329224, 14563.078125, 12.8125734329224, 14656.083984375, 1519523092.32096
0, 12.5613460540771, 14563.69921875, 12.5613460540771, 14656.7021484375, 1519523092.37096
0, 12.6869602203369, 14564.3193359375, 12.6869602203369, 14657.3232421875, 1519523092.42096
0, 13.189414024353, 14564.9580078125, 12.3101196289062, 14657.9521484375, 1519523092.47196
0, 12.6869602203369, 14565.583984375, 12.1845064163208, 14658.5556640625, 1519523092.52196
0, 12.8125734329224, 14566.2119140625, 11.9332799911499, 14659.1474609375, 1519523092.57196
0, 12.5613460540771, 14566.83984375, 12.1845064163208, 14659.73828125, 1519523092.62196
0, 13.0637998580933, 14567.4716796875, 12.3101196289062, 14660.33203125, 1519523092.67196
0, 14.8223886489868, 14568.1318359375, 14.0687084197998, 14660.955078125, 1519523092.72196
0, 14.5711612701416, 14568.83984375, 14.5711612701416, 14661.6572265625, 1519523092.77196
0, 15.0736150741577, 14569.568359375, 15.3248424530029, 14662.388671875, 1519523092.82196
0, 15.0736150741577, 14570.310546875, 15.0736150741577, 14663.126953125, 1519523092.87196
0, 15.3248424530029, 14571.0556640625, 15.1992292404175, 14663.8720703125, 1519523092.92196
0, 15.4504556655884, 14571.80078125, 15.1992292404175, 14664.6142578125, 1519523092.97196
0, 15.3248424530029, 14572.5419921875, 15.1992292404175, 14665.3525390625, 1519523093.02196
0, 14.8223886489868, 14573.2783203125, 14.9480028152466, 14666.0888671875, 1519523093.07196
0, 15.3248424530029, 14574.0166015625, 15.0736150741577, 14666.82421875, 1519523093.12196
0, 15.1992292404175, 14574.7529296875, 15.0736150741577, 14667.5537109375, 1519523093.17196
0, 15.0736150741577, 14575.505859375, 14.4455490112305, 14668.2802734375, 1519523093.22296
0, 15.3248424530029, 14576.248046875, 14.0687084197998, 14668.97265625, 1519523093.27296
0, 15.4504556655884, 14576.9912109375, 14.3199348449707, 14669.662109375, 1519523093.32296
0, 14.8223886489868, 14577.736328125, 13.94309425354, 14670.34765625, 1519523093.37296
0, 10.132737159729, 14578.478515625, 9.21161270141602, 14671.0322265625, 1519523093.42296
0, 15.7016830444336, 14579.2265625, 14.0687084197998, 14671.71875, 1519523093.47296
0, 15.5760688781738, 14579.970703125, 14.0687084197998, 14672.404296875, 1519523093.52296
0, 15.3248424530029, 14580.7314453125, 14.1943206787109, 14673.10546875, 1519523093.57396
0, 15.1992292404175, 14581.4697265625, 14.1943206787109, 14673.7978515625, 1519523093.62396
0, 15.3248424530029, 14582.2060546875, 14.4455490112305, 14674.4951171875, 1519523093.67396
0, 14.9480028152466, 14582.9375, 14.4455490112305, 14675.197265625, 1519523093.72396
0, 15.0736150741577, 14583.6689453125, 14.4455490112305, 14675.900390625, 1519523093.77396
0, 14.9480028152466, 14584.40234375, 14.3199348449707, 14676.6015625, 1519523093.82396
0, 14.8223886489868, 14585.1337890625, 14.1943206787109, 14677.2998046875, 1519523093.87396
0, 14.6967754364014, 14585.865234375, 14.4455490112305, 14678.0048828125, 1519523093.92396
0, 15.0736150741577, 14586.6025390625, 14.1943206787109, 14678.69921875, 1519523093.97396
0, 14.8223886489868, 14587.3359375, 13.8174810409546, 14679.3828125, 1519523094.02396
0, 14.6967754364014, 14588.0625, 13.6918668746948, 14680.0595703125, 1519523094.07396
0, 14.6967754364014, 14588.8017578125, 13.8174810409546, 14680.744140625, 1519523094.12496
0, 14.9480028152466, 14589.525390625, 14.1943206787109, 14681.4189453125, 1519523094.17496
0, 15.0736150741577, 14590.2529296875, 13.94309425354, 14682.0908203125, 1519523094.22496
0, 14.8223886489868, 14590.974609375, 13.8174810409546, 14682.7666015625, 1519523094.27496
0, 14.8223886489868, 14591.6923828125, 14.4455490112305, 14683.44921875, 1519523094.32496
0, 14.3199348449707, 14592.3994140625, 14.1943206787109, 14684.1435546875, 1519523094.37496
0, 14.3199348449707, 14593.10546875, 14.5711612701416, 14684.849609375, 1519523094.42496
0, 14.3199348449707, 14593.826171875, 14.4455490112305, 14685.5732421875, 1519523094.47596
0, 14.4455490112305, 14594.5341796875, 14.4455490112305, 14686.283203125, 1519523094.52596
0, 14.4455490112305, 14595.2421875, 14.5711612701416, 14686.9921875, 1519523094.57596
0, 14.4455490112305, 14595.9462890625, 14.4455490112305, 14687.6982421875, 1519523094.62596
0, 14.5711612701416, 14596.6552734375, 14.5711612701416, 14688.4052734375, 1519523094.67596
0, 14.5711612701416, 14597.3623046875, 14.5711612701416, 14689.1142578125, 1519523094.72299
0, 14.6967754364014, 14598.0703125, 14.5711612701416, 14689.8203125, 1519523094.77299
0, 14.4455490112305, 14598.7919921875, 14.6967754364014, 14690.544921875, 1519523094.82399
0, 14.3199348449707, 14599.4892578125, 14.9480028152466, 14691.2607421875, 1519523094.87399
0, 13.94309425354, 14600.189453125, 15.3248424530029, 14692.001953125, 1519523094.92499
0, 13.0637998580933, 14600.87109375, 14.8223886489868, 14692.73046875, 1519523094.97499
0, 11.9332799911499, 14601.505859375, 14.3199348449707, 14693.447265625, 1519523095.02599
0, 11.6820516586304, 14602.0830078125, 13.8174810409546, 14694.130859375, 1519523095.07599
0, 11.0539855957031, 14602.6416015625, 13.4406404495239, 14694.802734375, 1519523095.12599
0, 10.3003034591675, 14603.169921875, 13.4406404495239, 14695.46875, 1519523095.17599
0, 9.67223644256592, 14603.673828125, 12.6869602203369, 14696.125, 1519523095.22599
0, 8.41610145568848, 14604.1103515625, 12.4357328414917, 14696.740234375, 1519523095.27599
0, 7.53680753707886, 14604.509765625, 11.6820516586304, 14697.3271484375, 1519523095.32599
0, 7.2855806350708, 14604.8828125, 11.4308252334595, 14697.9091796875, 1519523095.37699
0, 7.41119432449341, 14605.2431640625, 11.6820516586304, 14698.4775390625, 1519523095.42699
0, 7.0343542098999, 14605.58984375, 11.4308252334595, 14699.0380859375, 1519523095.47699
0, 6.15505981445312, 14605.91015625, 10.8027572631836, 14699.57421875, 1519523095.52699
0, 5.65260601043701, 14606.1923828125, 10.3003034591675, 14700.078125, 1519523095.57699
0, 5.52699279785156, 14606.4638671875, 10.4259176254272, 14700.578125, 1519523095.62699
0, 5.52699279785156, 14606.7333984375, 10.3003034591675, 14701.0810546875, 1519523095.67699
0, 5.27576541900635, 14607.0009765625, 10.174690246582, 14701.5830078125, 1519523095.72699
0, 5.52699279785156, 14607.2666015625, 10.4259176254272, 14702.087890625, 1519523095.77699
0, 5.27576541900635, 14607.5322265625, 10.174690246582, 14702.5947265625, 1519523095.82699
0, 5.15015172958374, 14607.7939453125, 10.3003034591675, 14703.1025390625, 1519523095.87699
0, 5.4013786315918, 14608.0615234375, 10.5515308380127, 14703.6220703125, 1519523095.92799
0, 4.14524412155151, 14608.2890625, 9.92346382141113, 14704.1220703125, 1519523095.97799
0, 3.76840376853943, 14608.4775390625, 10.174690246582, 14704.611328125, 1519523096.02799
0, 3.51717710494995, 14608.6552734375, 9.79785060882568, 14705.0986328125, 1519523096.07799
0, 3.51717710494995, 14608.826171875, 9.79785060882568, 14705.5849609375, 1519523096.12799
0, 3.39156365394592, 14608.9921875, 9.54662322998047, 14706.068359375, 1519523096.17799
0, 3.39156365394592, 14609.1591796875, 9.54662322998047, 14706.5498046875, 1519523096.22799
0, 3.39156365394592, 14609.3271484375, 9.79785060882568, 14707.0419921875, 1519523096.27899
0, 3.39156365394592, 14609.4931640625, 9.67223644256592, 14707.5244140625, 1519523096.32899
0, 2.26104235649109, 14609.66015625, 6.53189992904663, 14708.005859375, 1519523096.37899
0, 3.39156365394592, 14609.82421875, 10.0490770339966, 14708.4873046875, 1519523096.42899
0, 3.39156365394592, 14609.9912109375, 9.92346382141113, 14708.9697265625, 1519523096.47899
0, 3.39156365394592, 14610.15625, 10.0490770339966, 14709.4521484375, 1519523096.52899
0, 3.39156365394592, 14610.3232421875, 9.54662322998047, 14709.9345703125, 1519523096.57899
0, 3.39156365394592, 14610.4892578125, 9.92346382141113, 14710.42578125, 1519523096.62999
0, 3.39156365394592, 14610.654296875, 9.67223644256592, 14710.908203125, 1519523096.67999
0, 3.39156365394592, 14610.818359375, 9.92346382141113, 14711.388671875, 1519523096.72999
0, 3.51717710494995, 14610.9814453125, 10.0490770339966, 14711.8740234375, 1519523096.77999
0, 3.01472306251526, 14611.1396484375, 10.3003034591675, 14712.3623046875, 1519523096.82999
0, 3.01472306251526, 14611.294921875, 10.0490770339966, 14712.8505859375, 1519523096.87999
0, 3.01472306251526, 14611.4482421875, 10.0490770339966, 14713.34375, 1519523096.92999
0, 3.14033651351929, 14611.603515625, 10.174690246582, 14713.849609375, 1519523096.98099
0, 3.01472306251526, 14611.75390625, 10.174690246582, 14714.3427734375, 1519523097.03099
0, 3.14033651351929, 14611.9052734375, 10.174690246582, 14714.837890625, 1519523097.08099
0, 3.01472306251526, 14612.056640625, 10.174690246582, 14715.3310546875, 1519523097.13099
0, 2.88910961151123, 14612.20703125, 10.174690246582, 14715.8271484375, 1519523097.18099
0, 3.01472306251526, 14612.357421875, 10.174690246582, 14716.3232421875, 1519523097.23579
0, 3.14033651351929, 14612.5048828125, 9.92346382141113, 14716.81640625, 1519523097.28579
0, 3.01472306251526, 14612.6572265625, 10.0490770339966, 14717.3203125, 1519523097.33679
0, 3.14033651351929, 14612.8056640625, 10.3003034591675, 14717.8193359375, 1519523097.38679
0, 3.01472306251526, 14612.95703125, 10.4259176254272, 14718.3125, 1519523097.43679
0, 2.76349639892578, 14613.10546875, 10.3003034591675, 14718.8095703125, 1519523097.48679
0, 3.01472306251526, 14613.2568359375, 10.4259176254272, 14719.3037109375, 1519523097.53679
0, 2.88910961151123, 14613.4052734375, 10.174690246582, 14719.7978515625, 1519523097.58679
0, 3.14033651351929, 14613.5556640625, 10.174690246582, 14720.29296875, 1519523097.63679
0, 3.01472306251526, 14613.7041015625, 10.174690246582, 14720.7880859375, 1519523097.68679
0, 2.88910961151123, 14613.8544921875, 10.4259176254272, 14721.28515625, 1519523097.73679
0, 3.01472306251526, 14614.0029296875, 10.4259176254272, 14721.7783203125, 1519523097.78679
0, 3.26594996452332, 14614.154296875, 10.174690246582, 14722.2744140625, 1519523097.83679
0, 3.14033651351929, 14614.302734375, 10.3003034591675, 14722.7705078125, 1519523097.88679
0, 3.14033651351929, 14614.453125, 10.3003034591675, 14723.265625, 1519523097.93679
0, 3.14033651351929, 14614.6025390625, 10.0490770339966, 14723.7587890625, 1519523097.98679
0, 3.14033651351929, 14614.7529296875, 10.174690246582, 14724.2529296875, 1519523098.03679
0, 3.14033651351929, 14614.9013671875, 10.174690246582, 14724.7470703125, 1519523098.08679
0, 2.88910961151123, 14615.0498046875, 10.3003034591675, 14725.2431640625, 1519523098.13679
0, 3.01472306251526, 14615.2001953125, 10.0490770339966, 14725.73828125, 1519523098.18679
0, 3.01472306251526, 14615.349609375, 10.0490770339966, 14726.2333984375, 1519523098.23679
0, 3.26594996452332, 14615.5009765625, 10.5515308380127, 14726.7353515625, 1519523098.28679
0, 3.76840376853943, 14615.6708984375, 10.8027572631836, 14727.2529296875, 1519523098.33679
0, 4.14524412155151, 14615.861328125, 11.1795978546143, 14727.787109375, 1519523098.38679
0, 4.64769792556763, 14616.0732421875, 11.9332799911499, 14728.3408203125, 1519523098.43679
0, 4.77331161499023, 14616.2998046875, 11.5564384460449, 14728.904296875, 1519523098.48679
0, 6.02944612503052, 14616.5595703125, 12.3101196289062, 14729.5029296875, 1519523098.53779
0, 7.0343542098999, 14616.880859375, 11.8076658248901, 14730.0849609375, 1519523098.58779
0, 8.16487503051758, 14617.25, 11.305212020874, 14730.642578125, 1519523098.63779
0, 8.66732883453369, 14617.6689453125, 10.3003034591675, 14731.1669921875, 1519523098.68779
0, 6.28067302703857, 14618.1171875, 6.44811725616455, 14731.66015625, 1519523098.73779
0, 9.54662322998047, 14618.58203125, 9.79785060882568, 14732.1357421875, 1519523098.78779
0, 9.79785060882568, 14619.0576171875, 9.79785060882568, 14732.6103515625, 1519523098.83779
0, 9.67223644256592, 14619.537109375, 9.42101001739502, 14733.0849609375, 1519523098.88779
0, 10.0490770339966, 14620.025390625, 9.54662322998047, 14733.5517578125, 1519523098.93779
0, 6.95057058334351, 14620.53125, 6.02944612503052, 14734, 1519523098.98779
0, 10.4259176254272, 14621.05859375, 8.29048824310303, 14734.4296875, 1519523099.03779
0, 11.1795978546143, 14621.599609375, 8.54171562194824, 14734.849609375, 1519523099.08779
0, 11.5564384460449, 14622.154296875, 8.16487503051758, 14735.2548828125, 1519523099.13779
0, 11.6820516586304, 14622.720703125, 8.16487503051758, 14735.6484375, 1519523099.18779
0, 8.03926181793213, 14623.298828125, 5.19198179244995, 14736.029296875, 1519523099.23779
0, 12.5613460540771, 14623.89453125, 8.16487503051758, 14736.4189453125, 1519523099.28779
0, 12.1845064163208, 14624.4921875, 8.03926181793213, 14736.8134765625, 1519523099.33779
0, 13.3150262832642, 14625.1025390625, 8.54171562194824, 14737.2158203125, 1519523099.38779
0, 13.6918668746948, 14625.7705078125, 9.67223644256592, 14737.6787109375, 1519523099.43779
0, 9.21161270141602, 14626.447265625, 6.69934368133545, 14738.171875, 1519523099.48779
0, 14.3199348449707, 14627.1435546875, 11.305212020874, 14738.7080078125, 1519523099.53779
0, 14.1943206787109, 14627.84375, 11.6820516586304, 14739.279296875, 1519523099.58779
0, 15.1992292404175, 14628.5673828125, 12.5613460540771, 14739.8798828125, 1519523099.63779
0, 15.1992292404175, 14629.3193359375, 13.94309425354, 14740.52734375, 1519523099.68779
0, 10.132737159729, 14630.0595703125, 9.88151073455811, 14741.236328125, 1519523099.73886
0, 14.3199348449707, 14630.791015625, 14.1943206787109, 14741.966796875, 1519523099.78886
0, 14.8223886489868, 14631.51953125, 14.9480028152466, 14742.6982421875, 1519523099.83886
0, 15.3248424530029, 14632.2685546875, 15.5760688781738, 14743.44921875, 1519523099.88986
0, 14.9480028152466, 14632.9990234375, 14.9480028152466, 14744.1806640625, 1519523099.93986
0, 14.8223886489868, 14633.7236328125, 14.5711612701416, 14744.9091796875, 1519523099.98986
0, 14.9480028152466, 14634.4482421875, 14.9480028152466, 14745.6357421875, 1519523100.03986
0, 14.8223886489868, 14635.1708984375, 14.8223886489868, 14746.3603515625, 1519523100.08986
0, 14.9480028152466, 14635.8955078125, 14.9480028152466, 14747.08203125, 1519523100.13986
0, 15.3248424530029, 14636.6279296875, 15.7016830444336, 14747.814453125, 1519523100.18986
0, 14.8223886489868, 14637.375, 14.9480028152466, 14748.5625, 1519523100.24086
0, 15.3248424530029, 14638.1142578125, 15.3248424530029, 14749.302734375, 1519523100.29086
0, 14.9480028152466, 14638.8515625, 15.0736150741577, 14750.041015625, 1519523100.34086
0, 14.9480028152466, 14639.5869140625, 15.0736150741577, 14750.775390625, 1519523100.39086
0, 14.9480028152466, 14640.326171875, 15.1992292404175, 14751.5107421875, 1519523100.44086
0, 15.3248424530029, 14641.0595703125, 14.9480028152466, 14752.244140625, 1519523100.49086
0, 14.6967754364014, 14641.7939453125, 15.3248424530029, 14752.9873046875, 1519523100.54086
0, 14.6967754364014, 14642.513671875, 15.8272972106934, 14753.7470703125, 1519523100.59086
0, 14.5711612701416, 14643.23046875, 15.4504556655884, 14754.50390625, 1519523100.64086
0, 15.0736150741577, 14643.947265625, 15.7016830444336, 14755.2587890625, 1519523100.69086
0, 14.9480028152466, 14644.671875, 15.7016830444336, 14756.01953125, 1519523100.74086
0, 14.4455490112305, 14645.392578125, 15.1992292404175, 14756.779296875, 1519523100.79086
0, 14.4455490112305, 14646.1103515625, 15.4504556655884, 14757.5341796875, 1519523100.84086
0, 15.0736150741577, 14646.8271484375, 15.0736150741577, 14758.2841796875, 1519523100.89086
0, 15.0736150741577, 14647.5556640625, 15.0736150741577, 14759.0224609375, 1519523100.94086
0, 15.1992292404175, 14648.291015625, 14.9480028152466, 14759.7548828125, 1519523100.99086
0, 15.0736150741577, 14649.025390625, 14.8223886489868, 14760.48828125, 1519523101.04086
0, 14.9480028152466, 14649.7626953125, 14.0687084197998, 14761.220703125, 1519523101.09086
0, 15.3248424530029, 14650.5048828125, 14.6967754364014, 14761.943359375, 1519523101.14086
0, 15.0736150741577, 14651.2509765625, 14.4455490112305, 14762.6650390625, 1519523101.19086
0, 14.5711612701416, 14651.99609375, 14.0687084197998, 14763.3828125, 1519523101.24086
0, 15.4504556655884, 14652.7509765625, 15.0736150741577, 14764.1103515625, 1519523101.29086
0, 15.0736150741577, 14653.501953125, 14.8223886489868, 14764.8330078125, 1519523101.34086
0, 15.4504556655884, 14654.2490234375, 15.0736150741577, 14765.5546875, 1519523101.39086
0, 15.4504556655884, 14655, 14.6967754364014, 14766.275390625, 1519523101.44086
0, 15.8272972106934, 14655.7490234375, 14.8223886489868, 14766.9970703125, 1519523101.49086
0, 14.5711612701416, 14656.498046875, 13.94309425354, 14767.7216796875, 1519523101.54086
0, 15.4504556655884, 14657.244140625, 14.5711612701416, 14768.4423828125, 1519523101.59086
0, 14.9480028152466, 14657.9931640625, 14.6967754364014, 14769.1630859375, 1519523101.64086
0, 15.1992292404175, 14658.744140625, 14.9480028152466, 14769.890625, 1519523101.69086
0, 15.4504556655884, 14659.501953125, 15.1992292404175, 14770.6201171875, 1519523101.74086
0, 16.0785236358643, 14660.2724609375, 15.7016830444336, 14771.3642578125, 1519523101.79086
0, 15.9529094696045, 14661.0625, 15.5760688781738, 14772.1220703125, 1519523101.84086
0, 16.9578170776367, 14661.8759765625, 16.4553642272949, 14772.908203125, 1519523101.89086
0, 16.5809764862061, 14662.6943359375, 16.0785236358643, 14773.7001953125, 1519523101.94086
0, 16.204137802124, 14663.5107421875, 15.8272972106934, 14774.494140625, 1519523101.99086
0, 16.7065906524658, 14664.333984375, 16.5809764862061, 14775.296875, 1519523102.04086
0, 17.0834312438965, 14665.16796875, 17.2090435028076, 14776.1279296875, 1519523102.09086
0, 16.5809764862061, 14666.0146484375, 16.832202911377, 14776.9736328125, 1519523102.14086
0, 17.4602718353271, 14666.8583984375, 17.5858860015869, 14777.8212890625, 1519523102.19086
0, 17.3346576690674, 14667.6982421875, 17.5858860015869, 14778.67578125, 1519523102.2419
0, 16.832202911377, 14668.537109375, 16.5809764862061, 14779.5322265625, 1519523102.2919
0, 17.2090435028076, 14669.376953125, 17.3346576690674, 14780.3876953125, 1519523102.3419
0, 17.0834312438965, 14670.2177734375, 17.4602718353271, 14781.2451171875, 1519523102.3919
0, 17.2090435028076, 14671.07421875, 17.3346576690674, 14782.11328125, 1519523102.4429
0, 17.2090435028076, 14671.9140625, 17.2090435028076, 14782.966796875, 1519523102.4929
0, 17.3346576690674, 14672.759765625, 17.3346576690674, 14783.818359375, 1519523102.5429
0, 17.2090435028076, 14673.6083984375, 17.3346576690674, 14784.6650390625, 1519523102.5929
0, 17.2090435028076, 14674.455078125, 17.5858860015869, 14785.509765625, 1519523102.6429
0, 17.5858860015869, 14675.2998046875, 17.8371124267578, 14786.357421875, 1519523102.6929
0, 17.711498260498, 14676.1455078125, 17.4602718353271, 14787.201171875, 1519523102.7429
0, 17.4602718353271, 14677.0126953125, 17.2090435028076, 14788.0634765625, 1519523102.7939
0, 11.4726552963257, 14677.8603515625, 11.5564384460449, 14788.9091796875, 1519523102.8439
0, 17.4602718353271, 14678.7080078125, 17.5858860015869, 14789.7587890625, 1519523102.8939
0, 17.4602718353271, 14679.5595703125, 17.2090435028076, 14790.6044921875, 1519523102.9439
0, 17.2090435028076, 14680.4072265625, 17.2090435028076, 14791.4521484375, 1519523102.9939
0, 17.2090435028076, 14681.25390625, 17.3346576690674, 14792.3017578125, 1519523103.0439
0, 11.6400995254517, 14682.1015625, 11.6400995254517, 14793.150390625, 1519523103.0939
0, 17.2090435028076, 14682.94921875, 17.3346576690674, 14793.99609375, 1519523103.1439
0, 17.2090435028076, 14683.7939453125, 17.3346576690674, 14794.8408203125, 1519523103.1939
0, 17.5858860015869, 14684.6435546875, 17.5858860015869, 14795.689453125, 1519523103.2439
0, 16.0785236358643, 14685.490234375, 15.9529094696045, 14796.5361328125, 1519523103.2939
0, 17.3346576690674, 14686.35546875, 17.4602718353271, 14797.3994140625, 1519523103.3449
0, 18.0883388519287, 14687.201171875, 18.2139511108398, 14798.2451171875, 1519523103.3949
0, 17.4602718353271, 14688.048828125, 17.2090435028076, 14799.0927734375, 1519523103.4449
0, 17.3346576690674, 14688.89453125, 17.2090435028076, 14799.9384765625, 1519523103.4949
0, 18.0883388519287, 14689.7451171875, 17.9627246856689, 14800.7841796875, 1519523103.5449
0, 17.2090435028076, 14690.59375, 17.2090435028076, 14801.630859375, 1519523103.5949
0, 17.3346576690674, 14691.4423828125, 17.4602718353271, 14802.4765625, 1519523103.6449
0, 17.3346576690674, 14692.2880859375, 17.5858860015869, 14803.3232421875, 1519523103.6949
0, 15.9529094696045, 14693.111328125, 15.7016830444336, 14804.13671875, 1519523103.7449
0, 16.204137802124, 14693.90234375, 13.94309425354, 14804.865234375, 1519523103.7949
0, 14.8223886489868, 14694.6669921875, 11.5564384460449, 14805.5029296875, 1519523103.8449
0, 14.5711612701416, 14695.38671875, 10.5515308380127, 14806.025390625, 1519523103.8949
0, 14.3199348449707, 14696.0927734375, 9.92346382141113, 14806.517578125, 1519523103.9449
0, 14.8223886489868, 14696.7958984375, 10.3003034591675, 14807.001953125, 1519523103.9949
0, 14.0687084197998, 14697.48828125, 9.1697826385498, 14807.470703125, 1519523104.0449
0, 14.0687084197998, 14698.1669921875, 8.54171562194824, 14807.89453125, 1519523104.0949
0, 13.189414024353, 14698.8154296875, 7.53680753707886, 14808.275390625, 1519523104.1449
0, 12.6869602203369, 14699.4296875, 6.78312730789185, 14808.609375, 1519523104.1949
0, 12.4357328414917, 14700.0458984375, 6.65751314163208, 14808.9423828125, 1519523104.2449
0, 12.5613460540771, 14700.6611328125, 6.40628671646118, 14809.2685546875, 1519523104.2949
0, 12.6869602203369, 14701.2763671875, 6.28067302703857, 14809.583984375, 1519523104.3449
0, 11.5564384460449, 14701.8740234375, 5.4013786315918, 14809.8720703125, 1519523104.3949
0, 11.5564384460449, 14702.4296875, 4.89892530441284, 14810.1044921875, 1519523104.4449
0, 11.4308252334595, 14702.9833984375, 4.52208471298218, 14810.3232421875, 1519523104.4949
0, 11.305212020874, 14703.55078125, 4.39647150039673, 14810.54296875, 1519523104.5459
0, 11.1795978546143, 14704.1044921875, 4.14524412155151, 14810.7578125, 1519523104.5959
0, 11.6820516586304, 14704.66015625, 4.39647150039673, 14810.9716796875, 1519523104.6459
0, 11.5564384460449, 14705.2177734375, 4.27085781097412, 14811.1865234375, 1519523104.6959
0, 11.8076658248901, 14705.77734375, 4.39647150039673, 14811.3974609375, 1519523104.74115
0, 11.1795978546143, 14706.3369140625, 4.27085781097412, 14811.611328125, 1519523104.79115
0, 11.4308252334595, 14706.8935546875, 4.39647150039673, 14811.82421875, 1519523104.84115
0, 11.1795978546143, 14707.4501953125, 4.39647150039673, 14812.0341796875, 1519523104.89115
0, 11.5564384460449, 14708.0078125, 4.39647150039673, 14812.2470703125, 1519523104.94115
0, 11.4308252334595, 14708.56640625, 4.52208471298218, 14812.458984375, 1519523104.99115
0, 11.1795978546143, 14709.1259765625, 4.27085781097412, 14812.6669921875, 1519523105.04115
0, 11.5564384460449, 14709.6884765625, 4.27085781097412, 14812.873046875, 1519523105.09115
0, 11.5564384460449, 14710.255859375, 3.89401721954346, 14813.076171875, 1519523105.14115
0, 11.8076658248901, 14710.828125, 3.89401721954346, 14813.2705078125, 1519523105.19115
0, 11.8076658248901, 14711.4052734375, 4.01963090896606, 14813.4658203125, 1519523105.24115
0, 11.6820516586304, 14711.9814453125, 4.01963090896606, 14813.6572265625, 1519523105.29115
0, 11.9332799911499, 14712.5634765625, 4.01963090896606, 14813.8564453125, 1519523105.34115
0, 12.5613460540771, 14713.169921875, 4.64769792556763, 14814.07421875, 1519523105.39115
0, 13.0637998580933, 14713.7890625, 4.77331161499023, 14814.306640625, 1519523105.44115
0, 13.0637998580933, 14714.4306640625, 5.02453851699829, 14814.5556640625, 1519523105.49215
0, 13.0637998580933, 14715.060546875, 5.15015172958374, 14814.798828125, 1519523105.54215
0, 12.8125734329224, 14715.6884765625, 4.89892530441284, 14815.0439453125, 1519523105.59215
0, 12.8125734329224, 14716.318359375, 5.02453851699829, 14815.2890625, 1519523105.64215
0, 12.5613460540771, 14716.9453125, 4.89892530441284, 14815.5322265625, 1519523105.69215
0, 13.4406404495239, 14717.583984375, 5.4013786315918, 14815.78515625, 1519523105.74215
0, 12.9381866455078, 14718.2197265625, 5.27576541900635, 14816.037109375, 1519523105.79215
0, 13.5662546157837, 14718.861328125, 5.15015172958374, 14816.2919921875, 1519523105.84215
0, 13.189414024353, 14719.5009765625, 5.27576541900635, 14816.5478515625, 1519523105.89215
0, 13.189414024353, 14720.1396484375, 5.15015172958374, 14816.7998046875, 1519523105.94215
0, 12.9381866455078, 14720.7763671875, 5.02453851699829, 14817.0517578125, 1519523105.99215
0, 13.0637998580933, 14721.4248046875, 5.27576541900635, 14817.3095703125, 1519523106.04315
0, 12.9381866455078, 14722.0625, 5.27576541900635, 14817.5625, 1519523106.09315
0, 13.0637998580933, 14722.69921875, 5.02453851699829, 14817.8173828125, 1519523106.14315
0, 8.62537574768066, 14723.337890625, 3.34961032867432, 14818.0703125, 1519523106.19315
0, 13.3150262832642, 14723.984375, 5.4013786315918, 14818.330078125, 1519523106.24315
0, 13.3150262832642, 14724.6328125, 5.27576541900635, 14818.5908203125, 1519523106.29315
0, 13.189414024353, 14725.2783203125, 5.27576541900635, 14818.8525390625, 1519523106.34315
0, 13.3150262832642, 14725.92578125, 5.4013786315918, 14819.11328125, 1519523106.39315
0, 8.87660312652588, 14726.5732421875, 3.60083746910095, 14819.373046875, 1519523106.44315
0, 13.189414024353, 14727.220703125, 5.4013786315918, 14819.634765625, 1519523106.49315
0, 13.3150262832642, 14727.8701171875, 5.27576541900635, 14819.8955078125, 1519523106.54315
0, 13.3150262832642, 14728.517578125, 5.27576541900635, 14820.1572265625, 1519523106.59315
0, 13.189414024353, 14729.1640625, 5.27576541900635, 14820.41796875, 1519523106.64315
0, 9.04416942596436, 14729.818359375, 3.68462085723877, 14820.685546875, 1519523106.69315
0, 13.94309425354, 14730.4892578125, 6.02944612503052, 14820.9677734375, 1519523106.74315
0, 14.8223886489868, 14731.2109375, 7.0343542098999, 14821.3017578125, 1519523106.79315
0, 15.8272972106934, 14731.9580078125, 7.66242122650146, 14821.662109375, 1519523106.84315
0, 15.7016830444336, 14732.7275390625, 7.91364860534668, 14822.0576171875, 1519523106.89315
0, 10.0490770339966, 14733.47265625, 6.11310625076294, 14822.478515625, 1519523106.94315
0, 14.4455490112305, 14734.1884765625, 9.92346382141113, 14822.9482421875, 1519523106.99315
0, 13.3150262832642, 14734.8662109375, 12.1845064163208, 14823.48828125, 1519523107.04315
0, 12.6869602203369, 14735.5068359375, 12.8125734329224, 14824.0966796875, 1519523107.09315
0, 13.0637998580933, 14736.1376953125, 13.0637998580933, 14824.72265625, 1519523107.14315
0, 8.29048824310303, 14736.744140625, 9.12783050537109, 14825.373046875, 1519523107.19315
0, 11.6820516586304, 14737.326171875, 13.8174810409546, 14826.0380859375, 1519523107.24995
0, 11.0539855957031, 14737.875, 14.3199348449707, 14826.7333984375, 1519523107.29995
0, 10.5515308380127, 14738.4072265625, 15.3248424530029, 14827.4697265625, 1519523107.34995
0, 10.174690246582, 14738.9208984375, 15.8272972106934, 14828.236328125, 1519523107.39995
0, 6.95057058334351, 14739.4228515625, 10.5515308380127, 14829.0078125, 1519523107.44995
0, 11.5564384460449, 14739.96875, 18.3395652770996, 14829.8564453125, 1519523107.49995
0, 11.0539855957031, 14740.5224609375, 17.5858860015869, 14830.73046875, 1519523107.54995
0, 11.4308252334595, 14741.0810546875, 18.2139511108398, 14831.6044921875, 1519523107.59995
0, 11.305212020874, 14741.63671875, 17.5858860015869, 14832.4794921875, 1519523107.64995
0, 7.45302438735962, 14742.1943359375, 11.8076658248901, 14833.3525390625, 1519523107.69995
0, 11.8076658248901, 14742.7626953125, 18.2139511108398, 14834.2314453125, 1519523107.74995
0, 12.3101196289062, 14743.37109375, 17.4602718353271, 14835.1181640625, 1519523107.80095
0, 12.9381866455078, 14743.998046875, 17.5858860015869, 14835.974609375, 1519523107.85095
0, 13.8174810409546, 14744.6552734375, 16.3297500610352, 14836.8046875, 1519523107.90095
0, 14.4455490112305, 14745.345703125, 16.3297500610352, 14837.599609375, 1519523107.95095
0, 15.0736150741577, 14746.05859375, 15.8272972106934, 14838.3681640625, 1519523108.00095
0, 15.0736150741577, 14746.7919921875, 15.4504556655884, 14839.123046875, 1519523108.05095
0, 15.3248424530029, 14747.529296875, 15.7016830444336, 14839.873046875, 1519523108.10095
0, 15.3248424530029, 14748.28515625, 15.3248424530029, 14840.6337890625, 1519523108.15195
0, 15.4504556655884, 14749.029296875, 15.3248424530029, 14841.375, 1519523108.20195
0, 15.1992292404175, 14749.7734375, 14.6967754364014, 14842.1142578125, 1519523108.25195
0, 15.0736150741577, 14750.5146484375, 14.9480028152466, 14842.85546875, 1519523108.30195
0, 15.0736150741577, 14751.2568359375, 15.0736150741577, 14843.599609375, 1519523108.35195
0, 15.0736150741577, 14752, 15.0736150741577, 14844.341796875, 1519523108.40195
0, 15.1992292404175, 14752.740234375, 15.0736150741577, 14845.0830078125, 1519523108.45195
0, 15.4504556655884, 14753.486328125, 15.3248424530029, 14845.82421875, 1519523108.50195
0, 15.3248424530029, 14754.23046875, 15.1992292404175, 14846.5673828125, 1519523108.55195
0, 15.4504556655884, 14754.97265625, 15.3248424530029, 14847.3095703125, 1519523108.60195
0, 15.1992292404175, 14755.716796875, 15.1992292404175, 14848.0517578125, 1519523108.65195
0, 14.9480028152466, 14756.45703125, 15.0736150741577, 14848.794921875, 1519523108.70195
0, 15.0736150741577, 14757.19921875, 15.1992292404175, 14849.5390625, 1519523108.75195
0, 15.1992292404175, 14757.94140625, 15.1992292404175, 14850.2822265625, 1519523108.80195
0, 15.0736150741577, 14758.6826171875, 15.3248424530029, 14851.0234375, 1519523108.85195
0, 15.3248424530029, 14759.4248046875, 15.3248424530029, 14851.7666015625, 1519523108.90195
0, 15.3248424530029, 14760.1708984375, 15.4504556655884, 14852.5087890625, 1519523108.95195
0, 15.1992292404175, 14760.9130859375, 15.3248424530029, 14853.25, 1519523109.00195
0, 15.1992292404175, 14761.65625, 15.0736150741577, 14853.9931640625, 1519523109.05195
0, 15.0736150741577, 14762.3984375, 15.0736150741577, 14854.734375, 1519523109.10195
0, 15.1992292404175, 14763.1396484375, 15.1992292404175, 14855.4765625, 1519523109.15195
0, 15.1992292404175, 14763.880859375, 15.0736150741577, 14856.2197265625, 1519523109.20195
0, 15.0736150741577, 14764.623046875, 15.1992292404175, 14856.962890625, 1519523109.25195
0, 15.1992292404175, 14765.3623046875, 15.1992292404175, 14857.7041015625, 1519523109.30195
0, 15.3248424530029, 14766.10546875, 15.3248424530029, 14858.4453125, 1519523109.35195
0, 15.1992292404175, 14766.849609375, 15.1992292404175, 14859.1875, 1519523109.40195
0, 15.0736150741577, 14767.591796875, 15.1992292404175, 14859.9267578125, 1519523109.45195
0, 15.0736150741577, 14768.3349609375, 15.0736150741577, 14860.6708984375, 1519523109.50195
0, 15.0736150741577, 14769.0751953125, 15.0736150741577, 14861.4130859375, 1519523109.55195
0, 15.4504556655884, 14769.814453125, 15.1992292404175, 14862.1552734375, 1519523109.60195
0, 15.1992292404175, 14770.5576171875, 15.3248424530029, 14862.8984375, 1519523109.65195
0, 15.1992292404175, 14771.298828125, 15.1992292404175, 14863.6396484375, 1519523109.70195
0, 15.1992292404175, 14772.0419921875, 15.3248424530029, 14864.3798828125, 1519523109.74703
0, 15.3248424530029, 14772.787109375, 15.1992292404175, 14865.125, 1519523109.79703
0, 15.0736150741577, 14773.5302734375, 15.1992292404175, 14865.8671875, 1519523109.84703
0, 15.0736150741577, 14774.2734375, 15.1992292404175, 14866.6123046875, 1519523109.89703
0, 15.3248424530029, 14775.0146484375, 15.0736150741577, 14867.3525390625, 1519523109.94703
0, 15.3248424530029, 14775.7646484375, 15.0736150741577, 14868.0888671875, 1519523109.99703
0, 15.4504556655884, 14776.515625, 15.0736150741577, 14868.8212890625, 1519523110.04703
0, 15.3248424530029, 14777.2666015625, 14.6967754364014, 14869.55078125, 1519523110.09703
0, 15.3248424530029, 14778.009765625, 15.1992292404175, 14870.2783203125, 1519523110.14703
0, 15.1992292404175, 14778.7607421875, 14.9480028152466, 14871.0087890625, 1519523110.19703
0, 15.0736150741577, 14779.50390625, 14.8223886489868, 14871.7333984375, 1519523110.24703
0, 15.1992292404175, 14780.25390625, 14.8223886489868, 14872.4609375, 1519523110.29703
0, 15.4504556655884, 14781.00390625, 14.5711612701416, 14873.189453125, 1519523110.34703
0, 15.1992292404175, 14781.748046875, 14.8223886489868, 14873.9111328125, 1519523110.39703
0, 15.9529094696045, 14782.4990234375, 15.1992292404175, 14874.6376953125, 1519523110.44703
0, 15.4504556655884, 14783.2529296875, 14.9480028152466, 14875.3642578125, 1519523110.49703
0, 15.4504556655884, 14783.9970703125, 14.8223886489868, 14876.0869140625, 1519523110.54703
0, 15.3248424530029, 14784.74609375, 14.6967754364014, 14876.8076171875, 1519523110.59703
0, 15.0736150741577, 14785.4921875, 14.5711612701416, 14877.53125, 1519523110.64703
0, 15.4504556655884, 14786.251953125, 14.5711612701416, 14878.2646484375, 1519523110.69803
0, 15.1992292404175, 14786.998046875, 14.5711612701416, 14878.9873046875, 1519523110.74803
0, 15.4504556655884, 14787.7451171875, 14.6967754364014, 14879.708984375, 1519523110.79803
0, 14.9480028152466, 14788.4892578125, 14.8223886489868, 14880.431640625, 1519523110.84803
0, 15.4504556655884, 14789.2353515625, 15.0736150741577, 14881.1533203125, 1519523110.89803
0, 15.3248424530029, 14789.9814453125, 14.9480028152466, 14881.8759765625, 1519523110.94803
0, 15.7016830444336, 14790.728515625, 14.9480028152466, 14882.599609375, 1519523110.99803
0, 10.132737159729, 14791.4892578125, 9.79785060882568, 14883.3349609375, 1519523111.04903
0, 15.5760688781738, 14792.2431640625, 14.9480028152466, 14884.0654296875, 1519523111.09903
0, 15.4504556655884, 14792.994140625, 15.0736150741577, 14884.7900390625, 1519523111.14903
0, 15.3248424530029, 14793.7421875, 14.5711612701416, 14885.51171875, 1519523111.19903
0, 15.3248424530029, 14794.49609375, 14.8223886489868, 14886.2431640625, 1519523111.24903
0, 10.3003034591675, 14795.244140625, 9.79785060882568, 14886.9677734375, 1519523111.29903
0, 15.1992292404175, 14795.9951171875, 14.8223886489868, 14887.6962890625, 1519523111.34903
0, 15.1992292404175, 14796.7421875, 14.5711612701416, 14888.41796875, 1519523111.39903
0, 15.9529094696045, 14797.49609375, 15.0736150741577, 14889.142578125, 1519523111.44903
0, 15.3248424530029, 14798.2470703125, 14.6967754364014, 14889.8662109375, 1519523111.49903
0, 10.3839635848999, 14799.001953125, 9.96529388427734, 14890.595703125, 1519523111.54903
0, 15.4504556655884, 14799.7509765625, 14.4455490112305, 14891.322265625, 1519523111.59903
0, 15.3248424530029, 14800.5009765625, 14.8223886489868, 14892.0478515625, 1519523111.64903
0, 15.5760688781738, 14801.255859375, 14.6967754364014, 14892.779296875, 1519523111.69903
0, 15.3248424530029, 14802.0068359375, 15.0736150741577, 14893.509765625, 1519523111.74903
0, 10.3003034591675, 14802.7578125, 10.132737159729, 14894.24609375, 1519523111.79903
0, 15.1992292404175, 14803.505859375, 15.0736150741577, 14894.9814453125, 1519523111.84903
0, 15.1992292404175, 14804.2509765625, 15.1992292404175, 14895.71875, 1519523111.89903
0, 15.3248424530029, 14804.9912109375, 15.3248424530029, 14896.462890625, 1519523111.94903
0, 14.9480028152466, 14805.732421875, 14.9480028152466, 14897.205078125, 1519523111.99903
0, 9.71406745910645, 14806.4658203125, 10.3839635848999, 14897.9580078125, 1519523112.04903
0, 13.94309425354, 14807.166015625, 15.7016830444336, 14898.734375, 1519523112.09903
0, 13.4406404495239, 14807.84375, 16.7065906524658, 14899.5263671875, 1519523112.14903
0, 13.189414024353, 14808.4951171875, 16.7065906524658, 14900.341796875, 1519523112.19903
0, 12.6869602203369, 14809.1220703125, 17.711498260498, 14901.1845703125, 1519523112.24987
0, 7.87169504165649, 14809.7138671875, 11.8076658248901, 14902.04296875, 1519523112.29987
0, 11.305212020874, 14810.2724609375, 17.3346576690674, 14902.9013671875, 1519523112.34987
0, 9.29539585113525, 14810.751953125, 16.3297500610352, 14903.71875, 1519523112.39987
0, 7.91364860534668, 14811.171875, 16.0785236358643, 14904.51171875, 1519523112.44987
0, 8.03926181793213, 14811.5703125, 15.7016830444336, 14905.29296875, 1519523112.49987
0, 4.85697221755981, 14811.9560546875, 10.2165203094482, 14906.0615234375, 1519523112.54987
0, 7.41119432449341, 14812.31640625, 15.1992292404175, 14906.8037109375, 1519523112.59987
0, 6.90874052047729, 14812.6650390625, 14.8223886489868, 14907.5380859375, 1519523112.64987
0, 6.90874052047729, 14813.0048828125, 15.0736150741577, 14908.2607421875, 1519523112.69987
0, 6.65751314163208, 14813.33203125, 14.4455490112305, 14908.9716796875, 1519523112.74987
0, 4.27085781097412, 14813.6533203125, 9.29539585113525, 14909.6748046875, 1519523112.79987
0, 6.40628671646118, 14813.9609375, 13.94309425354, 14910.365234375, 1519523112.84987
0, 6.15505981445312, 14814.2705078125, 13.94309425354, 14911.0556640625, 1519523112.89987
0, 6.15505981445312, 14814.5732421875, 14.0687084197998, 14911.7373046875, 1519523112.94987
0, 6.15505981445312, 14814.8701171875, 13.6918668746948, 14912.4189453125, 1519523112.99987
0, 3.93584752082825, 14815.162109375, 9.12783050537109, 14913.091796875, 1519523113.04987
0, 6.02944612503052, 14815.4521484375, 13.8174810409546, 14913.7626953125, 1519523113.09987
0, 5.90383291244507, 14815.7431640625, 13.5662546157837, 14914.4345703125, 1519523113.14987
0, 6.02944612503052, 14816.03515625, 13.6918668746948, 14915.107421875, 1519523113.19987
0, 5.90383291244507, 14816.326171875, 13.6918668746948, 14915.7783203125, 1519523113.24987
0, 3.93584752082825, 14816.615234375, 9.04416942596436, 14916.44921875, 1519523113.29987
0, 5.90383291244507, 14816.9052734375, 13.6918668746948, 14917.1240234375, 1519523113.34987
0, 5.90383291244507, 14817.1953125, 13.8174810409546, 14917.794921875, 1519523113.39987
0, 6.02944612503052, 14817.484375, 13.94309425354, 14918.4658203125, 1519523113.44987
0, 5.90383291244507, 14817.7744140625, 13.3150262832642, 14919.1357421875, 1519523113.49987
0, 4.18707466125488, 14818.0693359375, 9.63028335571289, 14919.8134765625, 1519523113.54987
0, 6.28067302703857, 14818.375, 14.0687084197998, 14920.50390625, 1519523113.59987
0, 6.15505981445312, 14818.6796875, 14.1943206787109, 14921.1923828125, 1519523113.64987
0, 6.40628671646118, 14818.984375, 14.3199348449707, 14921.8828125, 1519523113.69987
0, 6.15505981445312, 14819.2900390625, 14.3199348449707, 14922.5712890625, 1519523113.74987
0, 4.18707466125488, 14819.5966796875, 9.46284008026123, 14923.259765625, 1519523113.79987
0, 6.28067302703857, 14819.90234375, 14.3199348449707, 14923.94921875, 1519523113.84987
0, 6.28067302703857, 14820.208984375, 13.94309425354, 14924.6396484375, 1519523113.89987
0, 6.28067302703857, 14820.513671875, 14.1943206787109, 14925.330078125, 1519523113.94987
0, 6.15505981445312, 14820.8193359375, 13.94309425354, 14926.0185546875, 1519523113.99987
0, 4.10329103469849, 14821.125, 9.37905693054199, 14926.7080078125, 1519523114.04987
0, 6.28067302703857, 14821.431640625, 13.94309425354, 14927.396484375, 1519523114.09987
0, 6.15505981445312, 14821.7373046875, 14.0687084197998, 14928.0859375, 1519523114.14987
0, 6.28067302703857, 14822.044921875, 14.1943206787109, 14928.775390625, 1519523114.19987
0, 6.28067302703857, 14822.3505859375, 14.0687084197998, 14929.4658203125, 1519523114.24987
0, 4.27085781097412, 14822.6591796875, 9.46284008026123, 14930.15625, 1519523114.29987
0, 6.28067302703857, 14822.9677734375, 13.94309425354, 14930.8466796875, 1519523114.34987
0, 6.15505981445312, 14823.2734375, 13.94309425354, 14931.5361328125, 1519523114.39987
0, 6.28067302703857, 14823.580078125, 13.94309425354, 14932.2255859375, 1519523114.44987
0, 6.15505981445312, 14823.8837890625, 13.94309425354, 14932.9150390625, 1519523114.49987
0, 4.18707466125488, 14824.1904296875, 9.54662322998047, 14933.60546875, 1519523114.54987
0, 6.28067302703857, 14824.4951171875, 13.94309425354, 14934.2919921875, 1519523114.59987
0, 6.15505981445312, 14824.798828125, 14.0687084197998, 14934.982421875, 1519523114.64987
0, 6.28067302703857, 14825.103515625, 14.1943206787109, 14935.671875, 1519523114.69987
0, 6.40628671646118, 14825.41015625, 14.1943206787109, 14936.36328125, 1519523114.74505
0, 4.689528465271, 14825.7333984375, 10.132737159729, 14937.0712890625, 1519523114.79505
0, 8.79294300079346, 14826.103515625, 16.4553642272949, 14937.8271484375, 1519523114.84505
0, 10.3003034591675, 14826.552734375, 17.2090435028076, 14938.666015625, 1519523114.89505
0, 11.305212020874, 14827.0703125, 17.5858860015869, 14939.517578125, 1519523114.94505
0, 12.058892250061, 14827.6416015625, 17.2090435028076, 14940.3671875, 1519523114.99505
0, 8.79294300079346, 14828.251953125, 11.3888721466064, 14941.1962890625, 1519523115.04505
0, 13.6918668746948, 14828.9091796875, 16.3297500610352, 14942.005859375, 1519523115.09505
0, 14.1943206787109, 14829.5927734375, 15.7016830444336, 14942.7900390625, 1519523115.14505
0, 14.6967754364014, 14830.302734375, 14.9480028152466, 14943.5439453125, 1519523115.19505
0, 15.3248424530029, 14831.037109375, 14.6967754364014, 14944.27734375, 1519523115.24505
0, 10.5515308380127, 14831.8037109375, 9.37905693054199, 14944.97265625, 1519523115.29505
0, 16.7065906524658, 14832.6005859375, 13.3150262832642, 14945.6416015625, 1519523115.34505
0, 17.3346576690674, 14833.43359375, 13.0637998580933, 14946.2763671875, 1519523115.39505
0, 18.2139511108398, 14834.28515625, 12.1845064163208, 14946.892578125, 1519523115.44505
0, 18.3395652770996, 14835.1728515625, 11.6820516586304, 14947.4716796875, 1519523115.49505
0, 12.3101196289062, 14836.083984375, 7.45302438735962, 14948.029296875, 1519523115.54505
0, 18.4651794433594, 14837.0009765625, 11.1795978546143, 14948.578125, 1519523115.59505
0, 18.84202003479, 14837.919921875, 10.9283714294434, 14949.125, 1519523115.64505
0, 18.7164058685303, 14838.837890625, 11.1795978546143, 14949.6728515625, 1519523115.69505
0, 18.3395652770996, 14839.7529296875, 11.9332799911499, 14950.224609375, 1519523115.74505
0, 11.7238817214966, 14840.6220703125, 8.20670604705811, 14950.822265625, 1519523115.79505
0, 17.4602718353271, 14841.4736328125, 13.0637998580933, 14951.443359375, 1519523115.84505
0, 17.3346576690674, 14842.3251953125, 13.5662546157837, 14952.1015625, 1519523115.89505
0, 16.5809764862061, 14843.1513671875, 14.5711612701416, 14952.806640625, 1519523115.94505
0, 15.8272972106934, 14843.9482421875, 15.1992292404175, 14953.548828125, 1519523115.99505
0, 10.5515308380127, 14844.716796875, 10.5515308380127, 14954.318359375, 1519523116.04505
0, 15.5760688781738, 14845.4853515625, 15.7016830444336, 14955.087890625, 1519523116.09505
0, 15.1992292404175, 14846.24609375, 16.3297500610352, 14955.8671875, 1519523116.14505
0, 15.1992292404175, 14846.986328125, 16.4553642272949, 14956.6630859375, 1519523116.19505
0, 14.5711612701416, 14847.6982421875, 17.2090435028076, 14957.48828125, 1519523116.24505
0, 9.54662322998047, 14848.404296875, 11.305212020874, 14958.3212890625, 1519523116.29505
0, 14.3199348449707, 14849.1064453125, 16.9578170776367, 14959.1591796875, 1519523116.34505
0, 14.4455490112305, 14849.8173828125, 16.832202911377, 14959.9833984375, 1519523116.39505
0, 14.6967754364014, 14850.5361328125, 16.9578170776367, 14960.8056640625, 1519523116.44505
0, 14.6967754364014, 14851.25390625, 16.5809764862061, 14961.625, 1519523116.49505
0, 10.2165203094482, 14851.98046875, 10.6351919174194, 14962.4365234375, 1519523116.54505
0, 16.204137802124, 14852.7421875, 15.8272972106934, 14963.2080078125, 1519523116.59505
0, 15.8272972106934, 14853.513671875, 15.3248424530029, 14963.970703125, 1519523116.64505
0, 15.7016830444336, 14854.283203125, 14.4455490112305, 14964.701171875, 1519523116.69505
0, 15.7016830444336, 14855.0556640625, 14.4455490112305, 14965.4169921875, 1519523116.74505
0, 10.5515308380127, 14855.8310546875, 9.46284008026123, 14966.126953125, 1519523116.79505
0, 15.9529094696045, 14856.61328125, 14.3199348449707, 14966.8291015625, 1519523116.84505
0, 15.7016830444336, 14857.3984375, 14.0687084197998, 14967.525390625, 1519523116.89505
0, 16.4553642272949, 14858.1845703125, 14.0687084197998, 14968.216796875, 1519523116.94505
0, 15.8272972106934, 14858.97265625, 14.0687084197998, 14968.908203125, 1519523116.99505
0, 10.8027572631836, 14859.7568359375, 9.46284008026123, 14969.599609375, 1519523117.04505
0, 15.5760688781738, 14860.5341796875, 14.4455490112305, 14970.2978515625, 1519523117.09505
0, 15.1992292404175, 14861.296875, 14.4455490112305, 14971.017578125, 1519523117.14505
0, 15.3248424530029, 14862.044921875, 14.8223886489868, 14971.744140625, 1519523117.19505
0, 15.3248424530029, 14862.7939453125, 14.8223886489868, 14972.4736328125, 1519523117.25191
0, 10.132737159729, 14863.537109375, 9.79785060882568, 14973.203125, 1519523117.30191
0, 15.3248424530029, 14864.279296875, 15.3248424530029, 14973.9375, 1519523117.35191
0, 15.4504556655884, 14865.0341796875, 15.8272972106934, 14974.6904296875, 1519523117.40191
0, 15.8272972106934, 14865.7998046875, 15.8272972106934, 14975.4560546875, 1519523117.45191
0, 15.5760688781738, 14866.5654296875, 15.4504556655884, 14976.224609375, 1519523117.50191
0, 10.5515308380127, 14867.3408203125, 10.4677476882935, 14976.9990234375, 1519523117.55191
0, 15.9529094696045, 14868.1171875, 15.5760688781738, 14977.775390625, 1519523117.60191
0, 15.9529094696045, 14868.8974609375, 15.9529094696045, 14978.5517578125, 1519523117.65191
0, 16.5809764862061, 14869.6982421875, 16.7065906524658, 14979.353515625, 1519523117.70191
0, 17.2090435028076, 14870.5302734375, 17.3346576690674, 14980.181640625, 1519523117.75191
0, 11.5564384460449, 14871.3740234375, 11.3888721466064, 14981.02734375, 1519523117.80191
0, 17.5858860015869, 14872.2236328125, 17.4602718353271, 14981.875, 1519523117.85191
0, 17.2090435028076, 14873.0732421875, 17.2090435028076, 14982.72265625, 1519523117.90191
0, 17.2090435028076, 14873.923828125, 16.9578170776367, 14983.5693359375, 1519523117.95191
0, 17.3346576690674, 14874.771484375, 17.2090435028076, 14984.4169921875, 1519523118.00191
0, 11.6400995254517, 14875.6171875, 11.3888721466064, 14985.26171875, 1519523118.05191
0, 17.3346576690674, 14876.4658203125, 17.3346576690674, 14986.109375, 1519523118.10191
0, 17.2090435028076, 14877.3125, 17.4602718353271, 14986.9580078125, 1519523118.15191
0, 17.3346576690674, 14878.158203125, 17.0834312438965, 14987.8037109375, 1519523118.20191
0, 17.4602718353271, 14879.005859375, 17.4602718353271, 14988.6484375, 1519523118.25191
0, 11.3888721466064, 14879.8544921875, 11.3888721466064, 14989.4951171875, 1519523118.30191
0, 17.3346576690674, 14880.7001953125, 17.2090435028076, 14990.33984375, 1519523118.35191
0, 17.711498260498, 14881.548828125, 17.9627246856689, 14991.1884765625, 1519523118.40191
0, 17.4602718353271, 14882.3935546875, 17.3346576690674, 14992.0341796875, 1519523118.45191
0, 17.2090435028076, 14883.2412109375, 17.3346576690674, 14992.8798828125, 1519523118.50191
0, 11.6400995254517, 14884.0888671875, 11.6400995254517, 14993.7275390625, 1519523118.55191
0, 17.5858860015869, 14884.9345703125, 17.2090435028076, 14994.5732421875, 1519523118.60191
0, 17.3346576690674, 14885.7822265625, 17.3346576690674, 14995.4189453125, 1519523118.65191
0, 17.2090435028076, 14886.6279296875, 17.3346576690674, 14996.2646484375, 1519523118.70191
0, 17.3346576690674, 14887.4775390625, 17.3346576690674, 14997.111328125, 1519523118.75191
0, 11.305212020874, 14888.322265625, 11.305212020874, 14997.9560546875, 1519523118.80191
0, 17.3346576690674, 14889.1689453125, 17.4602718353271, 14998.802734375, 1519523118.85191
0, 17.2090435028076, 14890.0146484375, 17.3346576690674, 14999.6484375, 1519523118.90191
0, 15.7016830444336, 14890.8447265625, 15.9529094696045, 15000.4736328125, 1519523118.95191
0, 15.4504556655884, 14891.58984375, 14.6967754364014, 15001.2060546875, 1519523119.00191
0, 10.2165203094482, 14892.3369140625, 9.37905693054199, 15001.90625, 1519523119.05191
0, 15.0736150741577, 14893.080078125, 13.8174810409546, 15002.5927734375, 1519523119.10191
0, 15.1992292404175, 14893.830078125, 13.94309425354, 15003.2734375, 1519523119.15191
0, 15.4504556655884, 14894.5830078125, 13.8174810409546, 15003.94921875, 1519523119.20191
0, 15.4504556655884, 14895.3408203125, 13.8174810409546, 15004.62890625, 1519523119.25191
0, 10.4677476882935, 14896.09765625, 9.29539585113525, 15005.3076171875, 1519523119.30191
0, 15.5760688781738, 14896.8525390625, 14.3199348449707, 15005.986328125, 1519523119.35191
0, 15.4504556655884, 14897.6044921875, 14.1943206787109, 15006.67578125, 1519523119.40191
0, 15.4504556655884, 14898.3671875, 14.3199348449707, 15007.384765625, 1519523119.45191
0, 14.9480028152466, 14899.1201171875, 14.4455490112305, 15008.09375, 1519523119.50191
0, 10.0490770339966, 14899.87109375, 9.79785060882568, 15008.8154296875, 1519523119.55191
0, 15.1992292404175, 14900.6123046875, 15.4504556655884, 15009.541015625, 1519523119.60191
0, 15.0736150741577, 14901.34765625, 14.9480028152466, 15010.2685546875, 1519523119.65191
0, 15.0736150741577, 14902.083984375, 14.9480028152466, 15011.001953125, 1519523119.70191
0, 15.3248424530029, 14902.81640625, 15.3248424530029, 15011.736328125, 1519523119.75298
0, 9.96529388427734, 14903.548828125, 9.96529388427734, 15012.4697265625, 1519523119.80298
0, 14.9480028152466, 14904.2802734375, 15.0736150741577, 15013.2099609375, 1519523119.85298
0, 14.3199348449707, 14904.9970703125, 15.0736150741577, 15013.95703125, 1519523119.90298
0, 12.4357328414917, 14905.6572265625, 16.832202911377, 15014.75, 1519523119.95298
0, 11.8076658248901, 14906.2607421875, 17.3346576690674, 15015.599609375, 1519523120.00298
0, 7.53680753707886, 14906.8134765625, 12.3101196289062, 15016.48046875, 1519523120.05298
0, 10.6771440505981, 14907.345703125, 18.2139511108398, 15017.3818359375, 1519523120.10298
0, 10.6771440505981, 14907.88671875, 18.5907917022705, 15018.30859375, 1519523120.15398
0, 10.5515308380127, 14908.408203125, 18.3395652770996, 15019.21484375, 1519523120.20398
0, 10.6771440505981, 14908.9326171875, 18.7164058685303, 15020.1220703125, 1519523120.25398
0, 10.9283714294434, 14909.45703125, 18.5907917022705, 15021.02734375, 1519523120.30398
0, 10.8027572631836, 14909.9833984375, 18.4651794433594, 15021.9345703125, 1519523120.35398
0, 10.6771440505981, 14910.5078125, 18.7164058685303, 15022.841796875, 1519523120.40398
0, 10.8027572631836, 14911.03515625, 18.5907917022705, 15023.75, 1519523120.45398
0, 10.8027572631836, 14911.5615234375, 18.5907917022705, 15024.6572265625, 1519523120.50398
0, 10.8027572631836, 14912.0849609375, 18.7164058685303, 15025.564453125, 1519523120.55398
0, 10.8027572631836, 14912.607421875, 18.3395652770996, 15026.4697265625, 1519523120.60398
0, 10.6771440505981, 14913.1337890625, 18.3395652770996, 15027.3779296875, 1519523120.65398
0, 10.8027572631836, 14913.6572265625, 18.84202003479, 15028.2861328125, 1519523120.70398
0, 10.6771440505981, 14914.1806640625, 18.4651794433594, 15029.193359375, 1519523120.75398
0, 10.6771440505981, 14914.705078125, 18.4651794433594, 15030.0986328125, 1519523120.80398
0, 10.6771440505981, 14915.2314453125, 18.2139511108398, 15031.0078125, 1519523120.85398
0, 11.0539855957031, 14915.765625, 18.9676322937012, 15031.9267578125, 1519523120.90398
0, 11.1795978546143, 14916.30859375, 19.0932464599609, 15032.8505859375, 1519523120.95398
0, 11.1795978546143, 14916.8515625, 18.84202003479, 15033.775390625, 1519523121.00398
0, 11.6820516586304, 14917.404296875, 19.0932464599609, 15034.7080078125, 1519523121.05398
0, 13.6918668746948, 14918.046875, 17.3346576690674, 15035.6064453125, 1519523121.10398
0, 15.1992292404175, 14918.7607421875, 16.3297500610352, 15036.4501953125, 1519523121.15398
0, 15.7016830444336, 14919.5224609375, 15.4504556655884, 15037.23828125, 1519523121.20398
0, 15.7016830444336, 14920.30078125, 15.3248424530029, 15038.0146484375, 1519523121.25398
0, 15.0736150741577, 14921.044921875, 14.8223886489868, 15038.748046875, 1519523121.30398
0, 14.9480028152466, 14921.78125, 14.5711612701416, 15039.4541015625, 1519523121.35398
0, 14.6967754364014, 14922.501953125, 13.94309425354, 15040.1455078125, 1519523121.40398
0, 14.9480028152466, 14923.2197265625, 13.94309425354, 15040.826171875, 1519523121.45398
0, 12.3101196289062, 14923.8876953125, 12.058892250061, 15041.466796875, 1519523121.50398
0, 9.79785060882568, 14924.427734375, 10.6771440505981, 15042.0244140625, 1519523121.55398
0, 8.29048824310303, 14924.84765625, 11.0539855957031, 15042.5576171875, 1519523121.60398
0, 7.15996742248535, 14925.2197265625, 11.4308252334595, 15043.1162109375, 1519523121.65398
0, 6.53189992904663, 14925.5556640625, 12.1845064163208, 15043.705078125, 1519523121.70398
0, 6.53189992904663, 14925.876953125, 12.5613460540771, 15044.3134765625, 1519523121.75398
0, 6.28067302703857, 14926.1884765625, 12.6869602203369, 15044.927734375, 1519523121.80398
0, 6.40628671646118, 14926.4990234375, 13.0637998580933, 15045.5537109375, 1519523121.85398
0, 7.78803443908691, 14926.8349609375, 14.1943206787109, 15046.2177734375, 1519523121.90398
0, 7.78803443908691, 14927.2080078125, 14.5711612701416, 15046.92578125, 1519523121.95398
0, 8.29048824310303, 14927.6123046875, 15.4504556655884, 15047.671875, 1519523122.00398
0, 8.66732883453369, 14928.03515625, 16.204137802124, 15048.44921875, 1519523122.05398
0, 8.91855621337891, 14928.46875, 16.204137802124, 15049.2392578125, 1519523122.10398
0, 8.91855621337891, 14928.90234375, 16.204137802124, 15050.0283203125, 1519523122.15398
0, 8.91855621337891, 14929.333984375, 16.204137802124, 15050.8203125, 1519523122.20398
0, 8.54171562194824, 14929.7568359375, 16.3297500610352, 15051.619140625, 1519523122.255
0, 8.66732883453369, 14930.177734375, 15.9529094696045, 15052.4189453125, 1519523122.305
0, 8.66732883453369, 14930.5986328125, 16.4553642272949, 15053.2197265625, 1519523122.355
0, 8.41610145568848, 14931.0166015625, 16.204137802124, 15054.01953125, 1519523122.405
0, 8.29048824310303, 14931.4375, 15.8272972106934, 15054.8232421875, 1519523122.455
0, 8.54171562194824, 14931.8583984375, 16.0785236358643, 15055.6240234375, 1519523122.505
0, 8.54171562194824, 14932.279296875, 16.3297500610352, 15056.42578125, 1519523122.555
0, 8.66732883453369, 14932.69921875, 16.5809764862061, 15057.2294921875, 1519523122.605
0, 8.66732883453369, 14933.119140625, 16.4553642272949, 15058.03125, 1519523122.655
0, 8.66732883453369, 14933.5400390625, 16.4553642272949, 15058.833984375, 1519523122.705
0, 8.66732883453369, 14933.9658203125, 16.4553642272949, 15059.6435546875, 1519523122.755
0, 9.04416942596436, 14934.4052734375, 16.832202911377, 15060.466796875, 1519523122.805
0, 10.5515308380127, 14934.8896484375, 18.4651794433594, 15061.337890625, 1519523122.855
0, 11.305212020874, 14935.42578125, 17.8371124267578, 15062.2294921875, 1519523122.905
0, 12.5613460540771, 14936.005859375, 17.711498260498, 15063.1123046875, 1519523122.955
0, 13.4406404495239, 14936.6279296875, 16.7065906524658, 15063.9521484375, 1519523123.005
0, 13.94309425354, 14937.2958984375, 15.5760688781738, 15064.748046875, 1519523123.055
0, 14.4455490112305, 14938.013671875, 15.0736150741577, 15065.50390625, 1519523123.105
0, 14.6967754364014, 14938.734375, 14.4455490112305, 15066.2421875, 1519523123.155
0, 14.6967754364014, 14939.453125, 14.4455490112305, 15066.9580078125, 1519523123.205
0, 14.1943206787109, 14940.166015625, 14.0687084197998, 15067.66796875, 1519523123.255
0, 13.189414024353, 14940.833984375, 12.9381866455078, 15068.3310546875, 1519523123.305
0, 13.3150262832642, 14941.4765625, 12.5613460540771, 15068.9619140625, 1519523123.355
0, 13.3150262832642, 14942.1181640625, 12.6869602203369, 15069.5810546875, 1519523123.405
0, 13.189414024353, 14942.7587890625, 12.6869602203369, 15070.1953125, 1519523123.455
0, 12.5613460540771, 14943.3935546875, 12.058892250061, 15070.8076171875, 1519523123.505
0, 12.8125734329224, 14944.03125, 12.3101196289062, 15071.4189453125, 1519523123.555
0, 13.189414024353, 14944.671875, 12.5613460540771, 15072.033203125, 1519523123.605
0, 12.4357328414917, 14945.3125, 11.8076658248901, 15072.6533203125, 1519523123.655
0, 12.8125734329224, 14945.947265625, 12.3101196289062, 15073.2626953125, 1519523123.705
0, 12.6869602203369, 14946.58203125, 12.5613460540771, 15073.875, 1519523123.755
0, 13.0637998580933, 14947.21484375, 12.4357328414917, 15074.482421875, 1519523123.805
0, 12.9381866455078, 14947.8466796875, 12.6869602203369, 15075.0927734375, 1519523123.855
0, 12.9381866455078, 14948.4814453125, 12.1845064163208, 15075.7021484375, 1519523123.905
0, 13.0637998580933, 14949.1123046875, 12.6869602203369, 15076.310546875, 1519523123.955
0, 12.6869602203369, 14949.7470703125, 11.8076658248901, 15076.9013671875, 1519523124.005
0, 12.5613460540771, 14950.373046875, 11.4308252334595, 15077.4697265625, 1519523124.055
0, 12.3101196289062, 14950.9921875, 11.1795978546143, 15078.0263671875, 1519523124.105
0, 12.6869602203369, 14951.6083984375, 11.4308252334595, 15078.5810546875, 1519523124.155
0, 12.8125734329224, 14952.22265625, 11.5564384460449, 15079.1357421875, 1519523124.205
0, 12.058892250061, 14952.83984375, 10.9283714294434, 15079.6943359375, 1519523124.255
0, 12.4357328414917, 14953.451171875, 11.305212020874, 15080.248046875, 1519523124.305
0, 12.4357328414917, 14954.064453125, 12.058892250061, 15080.8212890625, 1519523124.355
0, 12.3101196289062, 14954.6767578125, 12.058892250061, 15081.4150390625, 1519523124.405
0, 12.8125734329224, 14955.294921875, 12.4357328414917, 15082.0205078125, 1519523124.455
0, 12.6869602203369, 14955.916015625, 12.6869602203369, 15082.640625, 1519523124.505
0, 12.8125734329224, 14956.5361328125, 12.8125734329224, 15083.26171875, 1519523124.555
0, 12.9381866455078, 14957.158203125, 13.189414024353, 15083.884765625, 1519523124.605
0, 12.9381866455078, 14957.787109375, 12.6869602203369, 15084.5107421875, 1519523124.655
0, 12.058892250061, 14958.4140625, 12.058892250061, 15085.1396484375, 1519523124.705
0, 13.0637998580933, 14959.044921875, 12.8125734329224, 15085.767578125, 1519523124.74414
0, 12.8125734329224, 14959.6748046875, 12.8125734329224, 15086.3974609375, 1519523124.79414
0, 12.3101196289062, 14960.3046875, 12.5613460540771, 15087.03125, 1519523124.84414
0, 13.189414024353, 14960.94140625, 13.189414024353, 15087.666015625, 1519523124.89414
0, 13.4406404495239, 14961.580078125, 13.5662546157837, 15088.306640625, 1519523124.94414
0, 14.4455490112305, 14962.2646484375, 14.3199348449707, 15088.9990234375, 1519523124.99414
0, 14.5711612701416, 14962.9580078125, 14.5711612701416, 15089.69921875, 1519523125.04414
0, 14.4455490112305, 14963.671875, 14.8223886489868, 15090.4169921875, 1519523125.09414
0, 14.5711612701416, 14964.38671875, 14.5711612701416, 15091.13671875, 1519523125.14414
0, 14.5711612701416, 14965.1015625, 14.6967754364014, 15091.85546875, 1519523125.19414
0, 14.6967754364014, 14965.81640625, 14.9480028152466, 15092.5791015625, 1519523125.24414
0, 14.0687084197998, 14966.52734375, 14.0687084197998, 15093.2998046875, 1519523125.29414
0, 15.0736150741577, 14967.255859375, 15.0736150741577, 15094.0361328125, 1519523125.34414
0, 14.6967754364014, 14967.984375, 14.9480028152466, 15094.7734375, 1519523125.39414
0, 14.5711612701416, 14968.7119140625, 14.4455490112305, 15095.5078125, 1519523125.44414
0, 14.8223886489868, 14969.4423828125, 14.8223886489868, 15096.2451171875, 1519523125.49414
0, 14.9480028152466, 14970.171875, 14.9480028152466, 15096.978515625, 1519523125.54414
0, 15.4504556655884, 14970.90625, 15.1992292404175, 15097.716796875, 1519523125.59414
0, 15.1992292404175, 14971.646484375, 15.1992292404175, 15098.458984375, 1519523125.64414
0, 14.9480028152466, 14972.388671875, 15.0736150741577, 15099.2041015625, 1519523125.69414
0, 15.4504556655884, 14973.1328125, 15.3248424530029, 15099.9462890625, 1519523125.74414
0, 15.1992292404175, 14973.876953125, 15.1992292404175, 15100.689453125, 1519523125.79414
0, 15.1992292404175, 14974.62109375, 15.1992292404175, 15101.4326171875, 1519523125.84414
0, 14.8223886489868, 14975.3662109375, 14.4455490112305, 15102.1787109375, 1519523125.89414
0, 15.3248424530029, 14976.109375, 14.9480028152466, 15102.919921875, 1519523125.94414
0, 15.0736150741577, 14976.8505859375, 15.3248424530029, 15103.662109375, 1519523125.99414
0, 14.9480028152466, 14977.58984375, 14.9480028152466, 15104.4033203125, 1519523126.04414
0, 15.0736150741577, 14978.33203125, 15.0736150741577, 15105.1455078125, 1519523126.09414
0, 15.3248424530029, 14979.0732421875, 15.1992292404175, 15105.888671875, 1519523126.14414
0, 15.1992292404175, 14979.81640625, 15.0736150741577, 15106.630859375, 1519523126.19414
0, 14.9480028152466, 14980.5615234375, 15.0736150741577, 15107.373046875, 1519523126.24414
0, 15.1992292404175, 14981.3046875, 15.0736150741577, 15108.115234375, 1519523126.29414
0, 15.1992292404175, 14982.0458984375, 15.0736150741577, 15108.8564453125, 1519523126.34414
0, 15.0736150741577, 14982.787109375, 15.0736150741577, 15109.59765625, 1519523126.39414
0, 15.0736150741577, 14983.525390625, 15.1992292404175, 15110.3349609375, 1519523126.44414
0, 14.5711612701416, 14984.2607421875, 14.5711612701416, 15111.068359375, 1519523126.49414
0, 14.9480028152466, 14984.994140625, 15.1992292404175, 15111.8017578125, 1519523126.54414
0, 15.1992292404175, 14985.7265625, 15.0736150741577, 15112.53515625, 1519523126.59414
0, 14.8223886489868, 14986.462890625, 14.9480028152466, 15113.26953125, 1519523126.64414
0, 14.9480028152466, 14987.1962890625, 14.6967754364014, 15114.00390625, 1519523126.69414
0, 15.0736150741577, 14987.9296875, 14.9480028152466, 15114.7353515625, 1519523126.74414
0, 15.0736150741577, 14988.6669921875, 14.8223886489868, 15115.4697265625, 1519523126.79414
0, 15.1992292404175, 14989.408203125, 15.1992292404175, 15116.2080078125, 1519523126.84414
0, 15.1992292404175, 14990.142578125, 15.0736150741577, 15116.943359375, 1519523126.89414
0, 15.1992292404175, 14990.8759765625, 15.0736150741577, 15117.6767578125, 1519523126.94414
0, 14.8223886489868, 14991.6044921875, 14.6967754364014, 15118.40625, 1519523126.99414
0, 14.4455490112305, 14992.3232421875, 13.5662546157837, 15119.1044921875, 1519523127.04414
0, 13.3150262832642, 14993.0029296875, 12.058892250061, 15119.744140625, 1519523127.09414
0, 13.189414024353, 14993.65625, 11.9332799911499, 15120.3359375, 1519523127.14414
0, 13.0637998580933, 14994.30078125, 11.9332799911499, 15120.9189453125, 1519523127.19414
0, 12.8125734329224, 14994.9404296875, 11.6820516586304, 15121.5, 1519523127.25718
0, 13.189414024353, 14995.58203125, 11.9332799911499, 15122.080078125, 1519523127.30718
0, 13.3150262832642, 14996.2236328125, 12.058892250061, 15122.666015625, 1519523127.35718
0, 13.189414024353, 14996.87109375, 12.058892250061, 15123.2529296875, 1519523127.40718
0, 13.3150262832642, 14997.515625, 12.4357328414917, 15123.8515625, 1519523127.45718
0, 13.4406404495239, 14998.1748046875, 12.5613460540771, 15124.4599609375, 1519523127.50718
0, 13.8174810409546, 14998.8466796875, 13.5662546157837, 15125.109375, 1519523127.55718
0, 13.6918668746948, 14999.5185546875, 13.4406404495239, 15125.7646484375, 1519523127.60718
0, 14.5711612701416, 15000.220703125, 14.6967754364014, 15126.462890625, 1519523127.65718
0, 14.6967754364014, 15000.9306640625, 14.4455490112305, 15127.1748046875, 1519523127.70718
0, 14.6967754364014, 15001.6494140625, 14.9480028152466, 15127.8916015625, 1519523127.75718
0, 14.4455490112305, 15002.3662109375, 14.4455490112305, 15128.60546875, 1519523127.80718
0, 14.3199348449707, 15003.0859375, 14.4455490112305, 15129.32421875, 1519523127.85718
0, 14.5711612701416, 15003.8056640625, 14.3199348449707, 15130.0419921875, 1519523127.90718
0, 14.8223886489868, 15004.5234375, 14.5711612701416, 15130.7578125, 1519523127.95718
0, 14.4455490112305, 15005.240234375, 14.6967754364014, 15131.4736328125, 1519523128.00718
0, 14.3199348449707, 15005.943359375, 14.3199348449707, 15132.1796875, 1519523128.05718
0, 14.1943206787109, 15006.6435546875, 14.4455490112305, 15132.87890625, 1519523128.10718
0, 14.3199348449707, 15007.3447265625, 14.3199348449707, 15133.5791015625, 1519523128.15718
0, 13.8174810409546, 15008.0341796875, 13.94309425354, 15134.2685546875, 1519523128.20718
0, 13.3150262832642, 15008.6943359375, 13.3150262832642, 15134.9326171875, 1519523128.25718
0, 12.1845064163208, 15009.3271484375, 12.1845064163208, 15135.556640625, 1519523128.30718
0, 11.8076658248901, 15009.91796875, 12.4357328414917, 15136.1806640625, 1519523128.35718
0, 11.5564384460449, 15010.4794921875, 12.3101196289062, 15136.791015625, 1519523128.40718
0, 10.174690246582, 15011.0205078125, 11.6820516586304, 15137.3896484375, 1519523128.45718
0, 8.91855621337891, 15011.484375, 11.4308252334595, 15137.9560546875, 1519523128.50718
0, 8.03926181793213, 15011.8935546875, 11.1795978546143, 15138.509765625, 1519523128.55718
0, 7.91364860534668, 15012.28125, 11.305212020874, 15139.0654296875, 1519523128.60718
0, 7.41119432449341, 15012.6552734375, 11.4308252334595, 15139.625, 1519523128.65718
0, 7.2855806350708, 15013.0185546875, 11.6820516586304, 15140.19140625, 1519523128.70718
0, 7.15996742248535, 15013.3720703125, 11.5564384460449, 15140.7646484375, 1519523128.75718
0, 7.0343542098999, 15013.7216796875, 11.9332799911499, 15141.34375, 1519523128.80718
0, 6.65751314163208, 15014.052734375, 11.8076658248901, 15141.9248046875, 1519523128.85718
0, 6.90874052047729, 15014.38671875, 11.9332799911499, 15142.513671875, 1519523128.90718
0, 6.53189992904663, 15014.705078125, 12.3101196289062, 15143.107421875, 1519523128.95718
0, 6.02944612503052, 15015.0126953125, 12.058892250061, 15143.7119140625, 1519523129.00718
0, 5.52699279785156, 15015.3046875, 11.6820516586304, 15144.310546875, 1519523129.05718
0, 5.27576541900635, 15015.572265625, 11.5564384460449, 15144.89453125, 1519523129.10718
0, 4.27085781097412, 15015.798828125, 11.305212020874, 15145.4482421875, 1519523129.15718
0, 4.52208471298218, 15016.0185546875, 11.1795978546143, 15145.9990234375, 1519523129.20718
0, 3.89401721954346, 15016.228515625, 10.6771440505981, 15146.5390625, 1519523129.25718
0, 4.01963090896606, 15016.4267578125, 10.5515308380127, 15147.0693359375, 1519523129.30718
0, 4.01963090896606, 15016.6220703125, 10.6771440505981, 15147.595703125, 1519523129.35718
0, 3.89401721954346, 15016.8115234375, 10.6771440505981, 15148.1181640625, 1519523129.40718
0, 4.01963090896606, 15017.005859375, 10.8027572631836, 15148.646484375, 1519523129.45718
0, 3.89401721954346, 15017.1982421875, 10.6771440505981, 15149.1728515625, 1519523129.50718
0, 4.01963090896606, 15017.38671875, 10.8027572631836, 15149.697265625, 1519523129.55718
0, 3.89401721954346, 15017.578125, 10.8027572631836, 15150.224609375, 1519523129.60718
0, 3.89401721954346, 15017.7685546875, 10.6771440505981, 15150.7587890625, 1519523129.65818
0, 3.89401721954346, 15017.9580078125, 10.8027572631836, 15151.2841796875, 1519523129.70818
0, 3.76840376853943, 15018.142578125, 10.6771440505981, 15151.8056640625, 1519523129.75333
0, 4.52208471298218, 15018.3330078125, 11.305212020874, 15152.3369140625, 1519523129.80333
0, 5.27576541900635, 15018.564453125, 12.3101196289062, 15152.90234375, 1519523129.85333
0, 6.40628671646118, 15018.8623046875, 12.1845064163208, 15153.51171875, 1519523129.90333
0, 7.53680753707886, 15019.1982421875, 12.058892250061, 15154.1103515625, 1519523129.95333
0, 8.16487503051758, 15019.5859375, 11.6820516586304, 15154.6962890625, 1519523130.00333
0, 8.79294300079346, 15020.0029296875, 11.1795978546143, 15155.2568359375, 1519523130.05333
0, 9.42101001739502, 15020.4521484375, 10.6771440505981, 15155.7861328125, 1519523130.10333
0, 9.54662322998047, 15020.9150390625, 10.4259176254272, 15156.2998046875, 1519523130.15333
0, 9.79785060882568, 15021.3837890625, 10.9283714294434, 15156.80859375, 1519523130.20333
0, 9.54662322998047, 15021.853515625, 10.0490770339966, 15157.3193359375, 1519523130.25333
0, 9.67223644256592, 15022.326171875, 10.6771440505981, 15157.8330078125, 1519523130.30333
0, 9.92346382141113, 15022.8017578125, 10.3003034591675, 15158.3466796875, 1519523130.35333
0, 9.54662322998047, 15023.2744140625, 10.4259176254272, 15158.857421875, 1519523130.40333
0, 9.92346382141113, 15023.7529296875, 10.5515308380127, 15159.375, 1519523130.45333
0, 9.92346382141113, 15024.23046875, 10.5515308380127, 15159.88671875, 1519523130.50333
0, 9.79785060882568, 15024.708984375, 10.5515308380127, 15160.400390625, 1519523130.55333
0, 9.79785060882568, 15025.1865234375, 10.6771440505981, 15160.9169921875, 1519523130.60333
0, 10.0490770339966, 15025.66796875, 10.6771440505981, 15161.4326171875, 1519523130.65333
0, 9.54662322998047, 15026.14453125, 10.5515308380127, 15161.9501953125, 1519523130.70333
0, 9.67223644256592, 15026.623046875, 10.5515308380127, 15162.4658203125, 1519523130.75333
0, 9.92346382141113, 15027.09765625, 10.5515308380127, 15162.982421875, 1519523130.80333
0, 9.67223644256592, 15027.5771484375, 10.8027572631836, 15163.5009765625, 1519523130.85333
0, 9.67223644256592, 15028.05078125, 10.8027572631836, 15164.021484375, 1519523130.90333
0, 9.67223644256592, 15028.5068359375, 11.9332799911499, 15164.564453125, 1519523130.95333
0, 8.91855621337891, 15028.9443359375, 11.0539855957031, 15165.10546875, 1519523131.00333
0, 8.41610145568848, 15029.359375, 11.4308252334595, 15165.65625, 1519523131.05333
0, 8.41610145568848, 15029.7568359375, 11.9332799911499, 15166.2099609375, 1519523131.10333
0, 7.53680753707886, 15030.1279296875, 11.5564384460449, 15166.7802734375, 1519523131.15333
0, 7.41119432449341, 15030.486328125, 12.1845064163208, 15167.36328125, 1519523131.20333
0, 7.15996742248535, 15030.830078125, 11.9332799911499, 15167.9541015625, 1519523131.25333
0, 7.0343542098999, 15031.166015625, 12.1845064163208, 15168.544921875, 1519523131.30333
0, 6.65751314163208, 15031.4931640625, 12.3101196289062, 15169.1455078125, 1519523131.35333
0, 6.90874052047729, 15031.8173828125, 12.9381866455078, 15169.74609375, 1519523131.40333
0, 6.40628671646118, 15032.140625, 12.1845064163208, 15170.349609375, 1519523131.45333
0, 6.53189992904663, 15032.4619140625, 12.058892250061, 15170.953125, 1519523131.50333
0, 6.28067302703857, 15032.779296875, 12.9381866455078, 15171.5595703125, 1519523131.55333
0, 6.28067302703857, 15033.0869140625, 12.3101196289062, 15172.17578125, 1519523131.60333
0, 6.15505981445312, 15033.392578125, 13.0637998580933, 15172.7958984375, 1519523131.65333
0, 6.15505981445312, 15033.6943359375, 12.6869602203369, 15173.41796875, 1519523131.70333
0, 6.02944612503052, 15033.9921875, 12.9381866455078, 15174.044921875, 1519523131.75333
0, 6.02944612503052, 15034.2890625, 12.6869602203369, 15174.673828125, 1519523131.80333
0, 6.02944612503052, 15034.5849609375, 13.0637998580933, 15175.3046875, 1519523131.85333
0, 6.02944612503052, 15034.880859375, 12.6869602203369, 15175.9345703125, 1519523131.90333
0, 6.02944612503052, 15035.1767578125, 12.9381866455078, 15176.564453125, 1519523131.95333
0, 6.15505981445312, 15035.4736328125, 13.3150262832642, 15177.1943359375, 1519523132.00333
0, 6.02944612503052, 15035.7646484375, 13.0637998580933, 15177.82421875, 1519523132.05333
0, 6.02944612503052, 15036.0615234375, 12.8125734329224, 15178.455078125, 1519523132.10333
0, 5.90383291244507, 15036.3466796875, 13.0637998580933, 15179.0771484375, 1519523132.15333
0, 6.02944612503052, 15036.6376953125, 12.6869602203369, 15179.7021484375, 1519523132.20333
0, 6.02944612503052, 15036.9248046875, 13.0637998580933, 15180.322265625, 1519523132.24868
0, 6.02944612503052, 15037.2216796875, 12.9381866455078, 15180.9541015625, 1519523132.29868
0, 6.02944612503052, 15037.5224609375, 12.9381866455078, 15181.59375, 1519523132.34968
0, 6.15505981445312, 15037.826171875, 12.9381866455078, 15182.2294921875, 1519523132.39968
0, 7.2855806350708, 15038.15234375, 12.8125734329224, 15182.8583984375, 1519523132.44968
0, 7.91364860534668, 15038.5341796875, 11.6820516586304, 15183.4326171875, 1519523132.49968
0, 8.54171562194824, 15038.9453125, 11.1795978546143, 15183.9833984375, 1519523132.54968
0, 8.79294300079346, 15039.373046875, 10.5515308380127, 15184.515625, 1519523132.59968
0, 9.42101001739502, 15039.8203125, 11.1795978546143, 15185.046875, 1519523132.64968
0, 10.174690246582, 15040.3046875, 11.6820516586304, 15185.599609375, 1519523132.70068
0, 10.4259176254272, 15040.7998046875, 11.5564384460449, 15186.1513671875, 1519523132.75068
0, 10.5515308380127, 15041.3056640625, 11.4308252334595, 15186.708984375, 1519523132.80068
0, 10.5515308380127, 15041.818359375, 11.5564384460449, 15187.2724609375, 1519523132.85068
0, 7.0343542098999, 15042.337890625, 7.95547866821289, 15187.84375, 1519523132.90068
0, 10.8027572631836, 15042.8642578125, 11.6820516586304, 15188.4169921875, 1519523132.95068
0, 11.4308252334595, 15043.400390625, 12.5613460540771, 15188.9970703125, 1519523133.00068
0, 11.0539855957031, 15043.9365234375, 11.9332799911499, 15189.5732421875, 1519523133.05068
0, 11.305212020874, 15044.48046875, 11.8076658248901, 15190.1455078125, 1519523133.10068
0, 7.53680753707886, 15045.033203125, 7.6204686164856, 15190.7109375, 1519523133.15068
0, 11.6820516586304, 15045.5908203125, 11.4308252334595, 15191.26953125, 1519523133.20068
0, 10.8027572631836, 15046.1435546875, 10.8027572631836, 15191.8193359375, 1519523133.25068
0, 10.5515308380127, 15046.662109375, 10.3003034591675, 15192.3369140625, 1519523133.30068
0, 10.3003034591675, 15047.1650390625, 10.174690246582, 15192.8388671875, 1519523133.35068
0, 6.61556053161621, 15047.654296875, 6.61556053161621, 15193.333984375, 1519523133.40068
0, 10.174690246582, 15048.1572265625, 10.174690246582, 15193.8359375, 1519523133.45168
0, 10.3003034591675, 15048.650390625, 10.0490770339966, 15194.33203125, 1519523133.50168
0, 10.4259176254272, 15049.1494140625, 10.4259176254272, 15194.8330078125, 1519523133.55168
0, 10.174690246582, 15049.646484375, 9.92346382141113, 15195.330078125, 1519523133.60168
0, 10.3003034591675, 15050.1435546875, 9.92346382141113, 15195.8291015625, 1519523133.65168
0, 10.174690246582, 15050.6435546875, 10.0490770339966, 15196.326171875, 1519523133.70168
0, 10.174690246582, 15051.1396484375, 10.174690246582, 15196.822265625, 1519523133.75168
0, 9.79785060882568, 15051.6337890625, 10.174690246582, 15197.318359375, 1519523133.80168
0, 10.174690246582, 15052.1318359375, 9.92346382141113, 15197.8173828125, 1519523133.85168
0, 10.0490770339966, 15052.62890625, 10.174690246582, 15198.31640625, 1519523133.90168
0, 9.92346382141113, 15053.1181640625, 10.0490770339966, 15198.8017578125, 1519523133.95168
0, 10.174690246582, 15053.603515625, 9.54662322998047, 15199.2802734375, 1519523134.00168
0, 9.92346382141113, 15054.08984375, 9.67223644256592, 15199.755859375, 1519523134.05168
0, 9.67223644256592, 15054.572265625, 9.54662322998047, 15200.2314453125, 1519523134.10168
0, 9.79785060882568, 15055.056640625, 9.67223644256592, 15200.7060546875, 1519523134.15168
0, 9.54662322998047, 15055.541015625, 9.54662322998047, 15201.18359375, 1519523134.20168
0, 9.92346382141113, 15056.0224609375, 9.79785060882568, 15201.658203125, 1519523134.25168
0, 9.92346382141113, 15056.5048828125, 9.67223644256592, 15202.1318359375, 1519523134.30168
0, 9.54662322998047, 15056.98046875, 9.04416942596436, 15202.58984375, 1519523134.35168
0, 9.92346382141113, 15057.4541015625, 9.1697826385498, 15203.041015625, 1519523134.40168
0, 9.67223644256592, 15057.9287109375, 8.91855621337891, 15203.4736328125, 1519523134.45168
0, 9.54662322998047, 15058.40625, 8.66732883453369, 15203.904296875, 1519523134.50168
0, 9.54662322998047, 15058.880859375, 8.54171562194824, 15204.3310546875, 1519523134.55168
0, 9.29539585113525, 15059.3447265625, 8.16487503051758, 15204.7451171875, 1519523134.60168
0, 8.66732883453369, 15059.7861328125, 7.66242122650146, 15205.1357421875, 1519523134.65168
0, 8.54171562194824, 15060.201171875, 7.41119432449341, 15205.5, 1519523134.70168
0, 6.90874052047729, 15060.5615234375, 6.28067302703857, 15205.80859375, 1519523134.75247
0, 6.53189992904663, 15060.8876953125, 6.02944612503052, 15206.1044921875, 1519523134.80247
0, 5.65260601043701, 15061.201171875, 5.4013786315918, 15206.3974609375, 1519523134.85247
0, 4.89892530441284, 15061.4453125, 4.52208471298218, 15206.6298828125, 1519523134.90247
0, 3.39156365394592, 15061.650390625, 3.51717710494995, 15206.8349609375, 1519523134.95247
0, 2.88910961151123, 15061.806640625, 3.01472306251526, 15206.994140625, 1519523135.00247
0, 2.13542890548706, 15061.935546875, 1.88420188426971, 15207.12109375, 1519523135.05247
0, 0.753680765628815, 15061.990234375, 0.879294276237488, 15207.17578125, 1519523135.10247
0, 0.12561346590519, 15062.00390625, 0.376840382814407, 15207.193359375, 1519523135.15247
0, 0, 15062.0078125, 0.12561346590519, 15207.1982421875, 1519523135.20247
0, 0.12561346590519, 15062.009765625, 0.12561346590519, 15207.201171875, 1519523135.25247
0, 0, 15062.0126953125, 0.12561346590519, 15207.2041015625, 1519523135.30247
0, 0.12561346590519, 15062.017578125, 0.12561346590519, 15207.2099609375, 1519523135.35247
0, 0.12561346590519, 15062.0234375, 0.12561346590519, 15207.212890625, 1519523135.40247
0, 0.12561346590519, 15062.0283203125, 0.12561346590519, 15207.2197265625, 1519523135.45247
0, 0.12561346590519, 15062.03125, 0.12561346590519, 15207.2216796875, 1519523135.50247
0, 0.12561346590519, 15062.03515625, 0, 15207.2255859375, 1519523135.55247
0, 0, 15062.0390625, 0, 15207.2294921875, 1519523135.60247
