0, 0, 18313.5, 0, 18370.3, 1519523404.01778
0, 0, 18313.517578125, 0, 18370.349609375, 1519523404.06778
0, 0, 18313.521484375, 0, 18370.349609375, 1519523404.11878
0, 0, 18313.521484375, 0, 18370.353515625, 1519523404.16878
0, 0, 18313.521484375, 0, 18370.353515625, 1519523404.21878
0, 0, 18313.521484375, 0, 18370.353515625, 1519523404.26878
0, 0, 18313.521484375, 0.12561346590519, 18370.353515625, 1519523404.31878
0, 0, 18313.521484375, 0, 18370.353515625, 1519523404.36878
0, 0, 18313.525390625, 0, 18370.353515625, 1519523404.41878
0, 0, 18313.525390625, 0, 18370.353515625, 1519523404.46978
0, 0, 18313.52734375, 0, 18370.353515625, 1519523404.51978
0, 0, 18313.52734375, 0, 18370.353515625, 1519523404.56978
0, 0, 18313.52734375, 0, 18370.353515625, 1519523404.61978
0, 0.12561346590519, 18313.52734375, 0, 18370.353515625, 1519523404.66978
0, 0, 18313.52734375, 0, 18370.353515625, 1519523404.71978
0, 0, 18313.52734375, 0, 18370.353515625, 1519523404.76978
0, 0, 18313.52734375, 0, 18370.353515625, 1519523404.81978
0, 0, 18313.52734375, 0, 18370.353515625, 1519523404.87685
0, 0, 18313.52734375, 0, 18370.353515625, 1519523404.92685
0, 0, 18313.52734375, 0, 18370.353515625, 1519523404.97685
0, 0, 18313.52734375, 0, 18370.353515625, 1519523405.02685
0, 0, 18313.52734375, 0, 18370.353515625, 1519523405.07685
0, 0, 18313.52734375, 0, 18370.353515625, 1519523405.12685
0, 0, 18313.52734375, 0, 18370.353515625, 1519523405.17685
0, 0, 18313.52734375, 0, 18370.353515625, 1519523405.22785
0, 0, 18313.52734375, 0, 18370.353515625, 1519523405.27785
0, 0, 18313.52734375, 0, 18370.353515625, 1519523405.32785
0, 0, 18313.52734375, 0, 18370.353515625, 1519523405.37785
0, 0, 18313.52734375, 0, 18370.353515625, 1519523405.42785
0, 0, 18313.52734375, 0, 18370.353515625, 1519523405.47785
0, 0, 18313.52734375, 0, 18370.353515625, 1519523405.52785
0, 0, 18313.52734375, 0, 18370.353515625, 1519523405.57785
0, 0, 18313.53125, 0, 18370.353515625, 1519523405.62785
0, 0, 18313.53125, 0, 18370.353515625, 1519523405.67785
0, 0, 18313.53125, 0, 18370.353515625, 1519523405.72785
0, 0, 18313.53125, 0, 18370.353515625, 1519523405.77885
0, 0.12561346590519, 18313.53125, 0.12561346590519, 18370.357421875, 1519523405.82885
0, 0.502453863620758, 18313.548828125, 0.628067314624786, 18370.37890625, 1519523405.87885
0, 1.13052117824554, 18313.5859375, 1.38174819946289, 18370.421875, 1519523405.92885
0, 3.14033651351929, 18313.701171875, 3.26594996452332, 18370.537109375, 1519523405.97885
0, 3.89401721954346, 18313.861328125, 3.39156365394592, 18370.697265625, 1519523406.02885
0, 4.89892530441284, 18314.072265625, 5.15015172958374, 18370.904296875, 1519523406.07885
0, 6.15505981445312, 18314.33203125, 6.28067302703857, 18371.16796875, 1519523406.12885
0, 6.28067302703857, 18314.640625, 6.78312730789185, 18371.478515625, 1519523406.17885
0, 7.53680753707886, 18314.97265625, 7.2855806350708, 18371.8046875, 1519523406.22885
0, 7.66242122650146, 18315.341796875, 7.66242122650146, 18372.177734375, 1519523406.27885
0, 8.66732883453369, 18315.744140625, 8.91855621337891, 18372.576171875, 1519523406.32985
0, 9.79785060882568, 18316.193359375, 9.1697826385498, 18373.009765625, 1519523406.37985
0, 10.3003034591675, 18316.681640625, 9.29539585113525, 18373.4609375, 1519523406.42985
0, 10.9283714294434, 18317.201171875, 9.79785060882568, 18373.92578125, 1519523406.47985
0, 10.9283714294434, 18317.7421875, 9.92346382141113, 18374.408203125, 1519523406.52985
0, 11.4308252334595, 18318.306640625, 10.5515308380127, 18374.912109375, 1519523406.57985
0, 12.058892250061, 18318.8828125, 10.4259176254272, 18375.421875, 1519523406.62985
0, 12.8125734329224, 18319.494140625, 11.1795978546143, 18375.955078125, 1519523406.68085
0, 12.8125734329224, 18320.123046875, 11.0539855957031, 18376.490234375, 1519523406.73085
0, 13.3150262832642, 18320.755859375, 11.0539855957031, 18377.02734375, 1519523406.78085
0, 13.189414024353, 18321.396484375, 11.0539855957031, 18377.560546875, 1519523406.83085
0, 13.3150262832642, 18322.0390625, 11.1795978546143, 18378.1015625, 1519523406.88085
0, 13.6918668746948, 18322.681640625, 11.9332799911499, 18378.654296875, 1519523406.93085
0, 13.189414024353, 18323.322265625, 11.6820516586304, 18379.21875, 1519523406.98085
0, 13.5662546157837, 18323.98828125, 11.6820516586304, 18379.80078125, 1519523407.03185
0, 13.3150262832642, 18324.6484375, 11.8076658248901, 18380.380859375, 1519523407.08185
0, 13.4406404495239, 18325.306640625, 12.5613460540771, 18380.9765625, 1519523407.13185
0, 14.1943206787109, 18325.9765625, 13.5662546157837, 18381.615234375, 1519523407.18185
0, 14.1943206787109, 18326.669921875, 14.1943206787109, 18382.302734375, 1519523407.23185
0, 14.4455490112305, 18327.380859375, 14.6967754364014, 18383.01171875, 1519523407.28185
0, 15.3248424530029, 18328.119140625, 15.3248424530029, 18383.748046875, 1519523407.33185
0, 10.3003034591675, 18328.8828125, 10.2165203094482, 18384.5078125, 1519523407.37215
0, 15.9529094696045, 18329.6484375, 15.8272972106934, 18385.26953125, 1519523407.42215
0, 15.8272972106934, 18330.4140625, 15.8272972106934, 18386.033203125, 1519523407.47215
0, 15.8272972106934, 18331.189453125, 15.8272972106934, 18386.806640625, 1519523407.52215
0, 15.8272972106934, 18331.96484375, 15.7016830444336, 18387.580078125, 1519523407.57215
0, 11.1376457214355, 18332.755859375, 10.8864183425903, 18388.37109375, 1519523407.62215
0, 17.4602718353271, 18333.578125, 17.4602718353271, 18389.189453125, 1519523407.67215
0, 17.2090435028076, 18334.421875, 17.2090435028076, 18390.03515625, 1519523407.72215
0, 18.3395652770996, 18335.275390625, 18.2139511108398, 18390.8828125, 1519523407.77215
0, 17.711498260498, 18336.130859375, 17.5858860015869, 18391.73828125, 1519523407.82215
0, 11.7238817214966, 18336.986328125, 11.8076658248901, 18392.58984375, 1519523407.87215
0, 17.4602718353271, 18337.84375, 17.5858860015869, 18393.447265625, 1519523407.92215
0, 17.4602718353271, 18338.701171875, 17.4602718353271, 18394.306640625, 1519523407.97215
0, 17.8371124267578, 18339.55859375, 17.5858860015869, 18395.16015625, 1519523408.02215
0, 17.711498260498, 18340.423828125, 17.8371124267578, 18396.0234375, 1519523408.07215
0, 17.711498260498, 18341.3046875, 17.4602718353271, 18396.90234375, 1519523408.12315
0, 17.4602718353271, 18342.162109375, 17.9627246856689, 18397.771484375, 1519523408.17315
0, 17.4602718353271, 18343.01171875, 18.3395652770996, 18398.65234375, 1519523408.22315
0, 17.4602718353271, 18343.86328125, 18.7164058685303, 18399.54296875, 1519523408.27315
0, 18.2139511108398, 18344.7265625, 19.2188606262207, 18400.451171875, 1519523408.32315
0, 18.0883388519287, 18345.62109375, 19.2188606262207, 18401.400390625, 1519523408.37315
0, 18.3395652770996, 18346.5234375, 20.0981540679932, 18402.380859375, 1519523408.42315
0, 18.9676322937012, 18347.44921875, 21.731128692627, 18403.404296875, 1519523408.47415
0, 18.5907917022705, 18348.357421875, 21.1030616760254, 18404.431640625, 1519523408.52415
0, 18.4651794433594, 18349.267578125, 20.9774494171143, 18405.4609375, 1519523408.57415
0, 19.0932464599609, 18350.18359375, 21.8567428588867, 18406.505859375, 1519523408.62415
0, 19.5957012176514, 18351.125, 21.731128692627, 18407.5546875, 1519523408.67415
0, 19.8469276428223, 18352.0859375, 21.4799022674561, 18408.60546875, 1519523408.72415
0, 20.4749927520752, 18353.064453125, 21.4799022674561, 18409.640625, 1519523408.77415
0, 20.3493804931641, 18354.072265625, 20.9774494171143, 18410.677734375, 1519523408.82515
0, 20.3493804931641, 18355.064453125, 20.9774494171143, 18411.693359375, 1519523408.87515
0, 20.4749927520752, 18356.05859375, 20.9774494171143, 18412.708984375, 1519523408.92515
0, 20.600606918335, 18357.056640625, 20.600606918335, 18413.720703125, 1519523408.97515
0, 20.2237663269043, 18358.05078125, 20.600606918335, 18414.73046875, 1519523409.02515
0, 19.8469276428223, 18359.044921875, 19.8469276428223, 18415.740234375, 1519523409.07515
0, 20.3493804931641, 18360.04296875, 20.4749927520752, 18416.74609375, 1519523409.12515
0, 20.4749927520752, 18361.0390625, 20.8518352508545, 18417.755859375, 1519523409.17515
0, 20.0981540679932, 18362.025390625, 20.8518352508545, 18418.775390625, 1519523409.22515
0, 20.0981540679932, 18363.0078125, 21.1030616760254, 18419.8046875, 1519523409.27515
0, 20.2237663269043, 18363.986328125, 20.8518352508545, 18420.826171875, 1519523409.32515
0, 19.5957012176514, 18364.966796875, 20.3493804931641, 18421.8515625, 1519523409.37515
0, 20.0981540679932, 18365.94921875, 20.7262210845947, 18422.876953125, 1519523409.42515
0, 20.0981540679932, 18366.93359375, 20.8518352508545, 18423.904296875, 1519523409.47515
0, 19.9725399017334, 18367.91796875, 20.9774494171143, 18424.93359375, 1519523409.52515
0, 20.3493804931641, 18368.8984375, 21.2286758422852, 18425.9609375, 1519523409.57515
0, 20.0981540679932, 18369.87890625, 21.4799022674561, 18426.984375, 1519523409.62515
0, 19.5957012176514, 18370.84765625, 21.3542881011963, 18428.02734375, 1519523409.67515
0, 19.7213134765625, 18371.8046875, 21.731128692627, 18429.076171875, 1519523409.72515
0, 19.5957012176514, 18372.7578125, 21.9823570251465, 18430.134765625, 1519523409.77515
0, 18.84202003479, 18373.69921875, 21.8567428588867, 18431.201171875, 1519523409.82515
0, 19.0932464599609, 18374.634765625, 22.2335815429688, 18432.27734375, 1519523409.88197
0, 19.0932464599609, 18375.572265625, 21.4799022674561, 18433.35546875, 1519523409.93197
0, 19.3444728851318, 18376.505859375, 22.2335815429688, 18434.431640625, 1519523409.98197
0, 19.2188606262207, 18377.4375, 22.4848098754883, 18435.5078125, 1519523410.03197
0, 19.2188606262207, 18378.369140625, 22.4848098754883, 18436.5859375, 1519523410.08197
0, 18.7164058685303, 18379.30078125, 21.731128692627, 18437.6640625, 1519523410.13197
0, 19.2188606262207, 18380.234375, 22.1079711914062, 18438.7421875, 1519523410.18197
0, 18.9676322937012, 18381.16796875, 22.1079711914062, 18439.814453125, 1519523410.23197
0, 19.3444728851318, 18382.107421875, 22.2335815429688, 18440.890625, 1519523410.28197
0, 19.5957012176514, 18383.044921875, 21.4799022674561, 18441.9609375, 1519523410.33197
0, 19.3444728851318, 18383.9921875, 22.2335815429688, 18443.029296875, 1519523410.38197
0, 19.4700870513916, 18384.958984375, 21.731128692627, 18444.111328125, 1519523410.43297
0, 12.980016708374, 18385.912109375, 14.4873790740967, 18445.166015625, 1519523410.48297
0, 20.3493804931641, 18386.8671875, 21.9823570251465, 18446.220703125, 1519523410.53297
0, 20.3493804931641, 18387.8359375, 21.1030616760254, 18447.265625, 1519523410.58297
0, 20.600606918335, 18388.82421875, 20.600606918335, 18448.28125, 1519523410.63297
0, 20.600606918335, 18389.830078125, 21.1030616760254, 18449.28125, 1519523410.68297
0, 21.2286758422852, 18390.86328125, 20.2237663269043, 18450.296875, 1519523410.73397
0, 20.9774494171143, 18391.888671875, 19.5957012176514, 18451.279296875, 1519523410.78397
0, 21.1030616760254, 18392.9375, 18.9676322937012, 18452.2421875, 1519523410.83397
0, 21.731128692627, 18393.99609375, 19.0932464599609, 18453.185546875, 1519523410.88397
0, 21.6055145263672, 18395.0625, 19.2188606262207, 18454.130859375, 1519523410.93397
0, 21.731128692627, 18396.12890625, 19.2188606262207, 18455.076171875, 1519523410.98397
0, 21.8567428588867, 18397.197265625, 19.2188606262207, 18456.017578125, 1519523411.03397
0, 21.9823570251465, 18398.259765625, 19.4700870513916, 18456.958984375, 1519523411.08397
0, 22.1079711914062, 18399.33203125, 19.5957012176514, 18457.90234375, 1519523411.13397
0, 21.4799022674561, 18400.3984375, 19.3444728851318, 18458.841796875, 1519523411.18397
0, 21.4799022674561, 18401.458984375, 19.3444728851318, 18459.787109375, 1519523411.23397
0, 20.8518352508545, 18402.51171875, 18.9676322937012, 18460.74609375, 1519523411.28397
0, 20.9774494171143, 18403.548828125, 19.8469276428223, 18461.71484375, 1519523411.33397
0, 21.1030616760254, 18404.578125, 20.2237663269043, 18462.689453125, 1519523411.38397
0, 20.9774494171143, 18405.60546875, 20.2237663269043, 18463.671875, 1519523411.43397
0, 21.1030616760254, 18406.625, 20.3493804931641, 18464.658203125, 1519523411.48397
0, 20.8518352508545, 18407.63671875, 20.3493804931641, 18465.65625, 1519523411.53397
0, 20.0981540679932, 18408.638671875, 20.2237663269043, 18466.66015625, 1519523411.58397
0, 20.4749927520752, 18409.642578125, 20.7262210845947, 18467.662109375, 1519523411.63397
0, 21.1030616760254, 18410.65625, 19.5957012176514, 18468.650390625, 1519523411.68397
0, 21.6055145263672, 18411.6953125, 19.4700870513916, 18469.625, 1519523411.73397
0, 21.4799022674561, 18412.748046875, 19.5957012176514, 18470.580078125, 1519523411.78397
0, 21.4799022674561, 18413.802734375, 19.3444728851318, 18471.533203125, 1519523411.83397
0, 21.8567428588867, 18414.87109375, 19.0932464599609, 18472.478515625, 1519523411.88397
0, 21.731128692627, 18415.9375, 19.4700870513916, 18473.423828125, 1519523411.93397
0, 21.8567428588867, 18417.001953125, 19.0932464599609, 18474.365234375, 1519523411.98397
0, 21.4799022674561, 18418.072265625, 19.3444728851318, 18475.310546875, 1519523412.03397
0, 21.8567428588867, 18419.138671875, 19.3444728851318, 18476.25390625, 1519523412.08397
0, 22.2335815429688, 18420.20703125, 19.3444728851318, 18477.197265625, 1519523412.13397
0, 20.8518352508545, 18421.255859375, 19.9725399017334, 18478.154296875, 1519523412.18397
0, 20.600606918335, 18422.275390625, 20.2237663269043, 18479.142578125, 1519523412.23397
0, 20.9774494171143, 18423.28515625, 20.4749927520752, 18480.140625, 1519523412.28397
0, 20.7262210845947, 18424.310546875, 20.600606918335, 18481.1640625, 1519523412.33497
0, 20.8518352508545, 18425.3125, 20.600606918335, 18482.1640625, 1519523412.38589
0, 20.600606918335, 18426.31640625, 20.3493804931641, 18483.16796875, 1519523412.43589
0, 20.600606918335, 18427.314453125, 20.3493804931641, 18484.166015625, 1519523412.48589
0, 20.3493804931641, 18428.3203125, 20.2237663269043, 18485.169921875, 1519523412.53589
0, 20.600606918335, 18429.322265625, 20.600606918335, 18486.171875, 1519523412.58589
0, 20.4749927520752, 18430.326171875, 20.4749927520752, 18487.17578125, 1519523412.63589
0, 20.600606918335, 18431.326171875, 20.4749927520752, 18488.177734375, 1519523412.68589
0, 20.600606918335, 18432.326171875, 20.8518352508545, 18489.181640625, 1519523412.73589
0, 20.600606918335, 18433.32421875, 20.9774494171143, 18490.185546875, 1519523412.78589
0, 20.4749927520752, 18434.32421875, 20.4749927520752, 18491.193359375, 1519523412.83589
0, 20.4749927520752, 18435.322265625, 20.7262210845947, 18492.197265625, 1519523412.88589
0, 20.4749927520752, 18436.322265625, 20.3493804931641, 18493.201171875, 1519523412.93589
0, 20.3493804931641, 18437.3203125, 20.600606918335, 18494.205078125, 1519523412.98589
0, 20.600606918335, 18438.3203125, 20.9774494171143, 18495.2109375, 1519523413.03589
0, 20.600606918335, 18439.31640625, 20.3493804931641, 18496.21484375, 1519523413.08589
0, 20.600606918335, 18440.314453125, 20.8518352508545, 18497.21875, 1519523413.13589
0, 20.600606918335, 18441.314453125, 20.600606918335, 18498.224609375, 1519523413.18589
0, 20.7262210845947, 18442.33203125, 20.7262210845947, 18499.251953125, 1519523413.23689
0, 20.600606918335, 18443.333984375, 20.7262210845947, 18500.2578125, 1519523413.28689
0, 20.4749927520752, 18444.330078125, 20.3493804931641, 18501.263671875, 1519523413.33689
0, 20.600606918335, 18445.328125, 20.3493804931641, 18502.26953125, 1519523413.38689
0, 20.2237663269043, 18446.32421875, 20.4749927520752, 18503.27734375, 1519523413.43689
0, 20.3493804931641, 18447.3203125, 20.600606918335, 18504.2890625, 1519523413.48689
0, 20.3493804931641, 18448.31640625, 20.8518352508545, 18505.30078125, 1519523413.53689
0, 20.4749927520752, 18449.3125, 20.7262210845947, 18506.310546875, 1519523413.58689
0, 20.2237663269043, 18450.298828125, 21.2286758422852, 18507.330078125, 1519523413.63689
0, 20.0981540679932, 18451.28515625, 20.7262210845947, 18508.349609375, 1519523413.68689
0, 20.2237663269043, 18452.26953125, 21.3542881011963, 18509.373046875, 1519523413.73689
0, 19.9725399017334, 18453.25390625, 20.8518352508545, 18510.400390625, 1519523413.78689
0, 20.0981540679932, 18454.236328125, 20.8518352508545, 18511.419921875, 1519523413.83689
0, 20.4749927520752, 18455.23046875, 20.8518352508545, 18512.4375, 1519523413.88689
0, 20.4749927520752, 18456.228515625, 20.7262210845947, 18513.4453125, 1519523413.93689
0, 20.3493804931641, 18457.2265625, 20.8518352508545, 18514.453125, 1519523413.98689
0, 20.4749927520752, 18458.22265625, 20.7262210845947, 18515.4609375, 1519523414.03689
0, 20.600606918335, 18459.220703125, 20.600606918335, 18516.46875, 1519523414.08689
0, 20.4749927520752, 18460.22265625, 20.4749927520752, 18517.470703125, 1519523414.13689
0, 20.3493804931641, 18461.228515625, 20.3493804931641, 18518.47265625, 1519523414.18689
0, 20.600606918335, 18462.23046875, 20.3493804931641, 18519.4765625, 1519523414.23689
0, 20.600606918335, 18463.23828125, 20.600606918335, 18520.478515625, 1519523414.28689
0, 20.4749927520752, 18464.23828125, 20.600606918335, 18521.48046875, 1519523414.33689
0, 20.8518352508545, 18465.244140625, 20.7262210845947, 18522.482421875, 1519523414.38689
0, 20.600606918335, 18466.248046875, 20.7262210845947, 18523.486328125, 1519523414.43689
0, 20.8518352508545, 18467.25390625, 20.600606918335, 18524.482421875, 1519523414.48689
0, 20.9774494171143, 18468.26953125, 19.8469276428223, 18525.47265625, 1519523414.53689
0, 21.2286758422852, 18469.30078125, 20.0981540679932, 18526.447265625, 1519523414.58689
0, 21.6055145263672, 18470.34765625, 19.4700870513916, 18527.41015625, 1519523414.63689
0, 21.731128692627, 18471.404296875, 19.3444728851318, 18528.365234375, 1519523414.68689
0, 22.1079711914062, 18472.470703125, 19.3444728851318, 18529.310546875, 1519523414.73689
0, 22.2335815429688, 18473.548828125, 19.3444728851318, 18530.24609375, 1519523414.78689
0, 21.9823570251465, 18474.619140625, 18.4651794433594, 18531.154296875, 1519523414.83201
0, 21.731128692627, 18475.67578125, 17.711498260498, 18532.029296875, 1519523414.88201
0, 20.7262210845947, 18476.720703125, 16.3297500610352, 18532.875, 1519523414.93201
0, 20.600606918335, 18477.732421875, 16.204137802124, 18533.671875, 1519523414.98201
0, 20.2237663269043, 18478.73046875, 15.8272972106934, 18534.451171875, 1519523415.03201
0, 20.2237663269043, 18479.71484375, 15.7016830444336, 18535.21875, 1519523415.08201
0, 19.8469276428223, 18480.689453125, 15.4504556655884, 18535.970703125, 1519523415.13201
0, 19.7213134765625, 18481.662109375, 15.1992292404175, 18536.7109375, 1519523415.18201
0, 19.9725399017334, 18482.66015625, 14.9480028152466, 18537.453125, 1519523415.23301
0, 19.9725399017334, 18483.642578125, 14.5711612701416, 18538.16796875, 1519523415.28301
0, 12.980016708374, 18484.603515625, 9.04416942596436, 18538.85546875, 1519523415.33301
0, 18.5907917022705, 18485.5234375, 12.058892250061, 18539.482421875, 1519523415.38301
0, 18.0883388519287, 18486.421875, 11.8076658248901, 18540.06640625, 1519523415.43301
0, 18.2139511108398, 18487.314453125, 11.4308252334595, 18540.630859375, 1519523415.48301
0, 18.0883388519287, 18488.201171875, 11.5564384460449, 18541.193359375, 1519523415.53301
0, 12.1425523757935, 18489.08984375, 7.6204686164856, 18541.75390625, 1519523415.58301
0, 18.4651794433594, 18489.98046875, 11.5564384460449, 18542.314453125, 1519523415.63301
0, 18.3395652770996, 18490.876953125, 11.1795978546143, 18542.869140625, 1519523415.68301
0, 18.4651794433594, 18491.763671875, 11.1795978546143, 18543.412109375, 1519523415.73301
0, 18.3395652770996, 18492.67578125, 11.0539855957031, 18543.96484375, 1519523415.78401
0, 18.4651794433594, 18493.5703125, 11.0539855957031, 18544.501953125, 1519523415.83401
0, 18.4651794433594, 18494.466796875, 11.0539855957031, 18545.0390625, 1519523415.88401
0, 18.2139511108398, 18495.369140625, 10.5515308380127, 18545.564453125, 1519523415.93401
0, 18.2139511108398, 18496.2734375, 10.8027572631836, 18546.091796875, 1519523415.98401
0, 18.0883388519287, 18497.173828125, 10.4259176254272, 18546.607421875, 1519523416.03401
0, 17.2090435028076, 18498.03515625, 9.42101001739502, 18547.087890625, 1519523416.08401
0, 15.3248424530029, 18498.82421875, 7.2855806350708, 18547.486328125, 1519523416.13401
0, 13.8174810409546, 18499.529296875, 5.77821922302246, 18547.796875, 1519523416.18401
0, 10.6771440505981, 18500.119140625, 2.63788270950317, 18547.990234375, 1519523416.23401
0, 9.04416942596436, 18500.595703125, 1.25613462924957, 18548.07421875, 1519523416.28401
0, 7.0343542098999, 18500.9765625, -0.628067314624786, 18548.064453125, 1519523416.33401
0, 6.90874052047729, 18501.314453125, -0.753680765628815, 18548.01953125, 1519523416.38401
0, 6.78312730789185, 18501.64453125, -1.13052117824554, 18547.974609375, 1519523416.43401
0, 6.78312730789185, 18501.970703125, -1.13052117824554, 18547.923828125, 1519523416.48401
0, 6.90874052047729, 18502.3046875, -1.13052117824554, 18547.875, 1519523416.53401
0, 6.78312730789185, 18502.634765625, -1.13052117824554, 18547.828125, 1519523416.58401
0, 6.78312730789185, 18502.96875, -0.879294276237488, 18547.783203125, 1519523416.63401
0, 7.66242122650146, 18503.328125, -0.12561346590519, 18547.763671875, 1519523416.68401
0, 7.78803443908691, 18503.703125, 0.12561346590519, 18547.76171875, 1519523416.73401
0, 8.03926181793213, 18504.1015625, 0.376840382814407, 18547.77734375, 1519523416.78401
0, 8.91855621337891, 18504.529296875, 1.13052117824554, 18547.8203125, 1519523416.83401
0, 9.42101001739502, 18504.978515625, 1.75858855247498, 18547.8828125, 1519523416.88401
0, 10.0490770339966, 18505.466796875, 2.26104235649109, 18547.990234375, 1519523416.93401
0, 10.4259176254272, 18505.974609375, 2.63788270950317, 18548.10546875, 1519523416.98501
0, 10.4259176254272, 18506.48046875, 2.51226925849915, 18548.232421875, 1519523417.03501
0, 11.0539855957031, 18506.994140625, 3.01472306251526, 18548.36328125, 1519523417.08501
0, 12.6869602203369, 18507.568359375, 4.89892530441284, 18548.556640625, 1519523417.13501
0, 12.8125734329224, 18508.181640625, 5.65260601043701, 18548.8046875, 1519523417.18501
0, 13.3150262832642, 18508.81640625, 6.65751314163208, 18549.095703125, 1519523417.23501
0, 13.5662546157837, 18509.470703125, 7.53680753707886, 18549.421875, 1519523417.28501
0, 14.9480028152466, 18510.171875, 8.66732883453369, 18549.810546875, 1519523417.33601
0, 15.3248424530029, 18510.904296875, 9.92346382141113, 18550.248046875, 1519523417.39299
0, 16.832202911377, 18511.70703125, 12.3101196289062, 18550.80078125, 1519523417.44299
0, 17.0834312438965, 18512.53515625, 12.8125734329224, 18551.404296875, 1519523417.49299
0, 18.84202003479, 18513.400390625, 14.9480028152466, 18552.0625, 1519523417.54299
0, 19.7213134765625, 18514.3359375, 15.7016830444336, 18552.810546875, 1519523417.59299
0, 20.3493804931641, 18515.296875, 16.832202911377, 18553.5859375, 1519523417.64299
0, 13.9849243164062, 18516.32421875, 11.7238817214966, 18554.435546875, 1519523417.69399
0, 21.2286758422852, 18517.349609375, 17.9627246856689, 18555.296875, 1519523417.74399
0, 21.2286758422852, 18518.37890625, 17.9627246856689, 18556.169921875, 1519523417.79399
0, 21.1030616760254, 18519.408203125, 17.711498260498, 18557.04296875, 1519523417.84399
0, 21.1030616760254, 18520.439453125, 17.9627246856689, 18557.916015625, 1519523417.89399
0, 14.0687084197998, 18521.462890625, 11.9751100540161, 18558.7890625, 1519523417.94399
0, 21.2286758422852, 18522.48828125, 18.5907917022705, 18559.677734375, 1519523417.99399
0, 21.1030616760254, 18523.544921875, 20.0981540679932, 18560.630859375, 1519523418.04499
0, 21.4799022674561, 18524.587890625, 19.8469276428223, 18561.591796875, 1519523418.09499
0, 21.2286758422852, 18525.625, 20.0981540679932, 18562.564453125, 1519523418.14499
0, 21.2286758422852, 18526.66015625, 19.8469276428223, 18563.5390625, 1519523418.19499
0, 21.2286758422852, 18527.6953125, 19.9725399017334, 18564.513671875, 1519523418.24499
0, 20.7262210845947, 18528.72265625, 19.9725399017334, 18565.494140625, 1519523418.29499
0, 20.8518352508545, 18529.740234375, 20.4749927520752, 18566.486328125, 1519523418.34499
0, 20.600606918335, 18530.775390625, 20.3493804931641, 18567.501953125, 1519523418.39599
0, 20.4749927520752, 18531.78515625, 20.0981540679932, 18568.494140625, 1519523418.44599
0, 20.7262210845947, 18532.794921875, 20.2237663269043, 18569.490234375, 1519523418.49599
0, 20.8518352508545, 18533.8046875, 20.2237663269043, 18570.484375, 1519523418.54599
0, 20.7262210845947, 18534.814453125, 20.4749927520752, 18571.48046875, 1519523418.59599
0, 20.4749927520752, 18535.826171875, 20.3493804931641, 18572.47265625, 1519523418.64599
0, 21.1030616760254, 18536.837890625, 20.600606918335, 18573.46875, 1519523418.69599
0, 20.600606918335, 18537.84765625, 20.3493804931641, 18574.46484375, 1519523418.74599
0, 20.600606918335, 18538.859375, 20.2237663269043, 18575.458984375, 1519523418.79599
0, 20.4749927520752, 18539.8671875, 20.4749927520752, 18576.453125, 1519523418.84599
0, 20.3493804931641, 18540.876953125, 20.0981540679932, 18577.447265625, 1519523418.89599
0, 20.600606918335, 18541.884765625, 20.3493804931641, 18578.44140625, 1519523418.94599
0, 20.8518352508545, 18542.8984375, 20.4749927520752, 18579.4375, 1519523418.99599
0, 20.600606918335, 18543.91015625, 20.3493804931641, 18580.43359375, 1519523419.04599
0, 20.9774494171143, 18544.919921875, 20.3493804931641, 18581.427734375, 1519523419.09599
0, 20.600606918335, 18545.9296875, 20.0981540679932, 18582.423828125, 1519523419.14599
0, 20.4749927520752, 18546.939453125, 20.2237663269043, 18583.419921875, 1519523419.19599
0, 20.4749927520752, 18547.951171875, 20.2237663269043, 18584.41796875, 1519523419.24599
0, 20.2237663269043, 18548.962890625, 20.0981540679932, 18585.416015625, 1519523419.29599
0, 20.7262210845947, 18549.97265625, 20.3493804931641, 18586.4140625, 1519523419.34599
0, 20.600606918335, 18550.98046875, 20.600606918335, 18587.412109375, 1519523419.39599
0, 20.7262210845947, 18551.984375, 20.3493804931641, 18588.41015625, 1519523419.44599
0, 20.600606918335, 18552.990234375, 20.600606918335, 18589.408203125, 1519523419.49599
0, 20.3493804931641, 18553.99609375, 20.2237663269043, 18590.412109375, 1519523419.54599
0, 20.4749927520752, 18555, 20.3493804931641, 18591.4140625, 1519523419.59599
0, 20.3493804931641, 18556.005859375, 20.3493804931641, 18592.419921875, 1519523419.64599
0, 20.4749927520752, 18557.0078125, 20.2237663269043, 18593.421875, 1519523419.69599
0, 20.2237663269043, 18558.009765625, 20.3493804931641, 18594.423828125, 1519523419.74599
0, 20.4749927520752, 18559.01171875, 20.4749927520752, 18595.423828125, 1519523419.79599
0, 20.7262210845947, 18560.015625, 20.3493804931641, 18596.427734375, 1519523419.83526
0, 20.4749927520752, 18561.017578125, 20.4749927520752, 18597.427734375, 1519523419.88526
0, 20.3493804931641, 18562.025390625, 20.3493804931641, 18598.431640625, 1519523419.93526
0, 20.2237663269043, 18563.025390625, 20.4749927520752, 18599.439453125, 1519523419.98526
0, 19.8469276428223, 18564.017578125, 20.600606918335, 18600.455078125, 1519523420.03526
0, 20.0981540679932, 18564.99609375, 20.9774494171143, 18601.478515625, 1519523420.08526
0, 19.9725399017334, 18565.9765625, 20.8518352508545, 18602.505859375, 1519523420.13526
0, 19.8469276428223, 18566.953125, 21.2286758422852, 18603.53515625, 1519523420.18526
0, 19.9725399017334, 18567.92578125, 21.2286758422852, 18604.568359375, 1519523420.23526
0, 19.7213134765625, 18568.896484375, 21.731128692627, 18605.611328125, 1519523420.28526
0, 19.4700870513916, 18569.861328125, 21.731128692627, 18606.654296875, 1519523420.33526
0, 19.4700870513916, 18570.818359375, 21.2286758422852, 18607.712890625, 1519523420.38526
0, 19.2188606262207, 18571.767578125, 21.4799022674561, 18608.775390625, 1519523420.43526
0, 19.5957012176514, 18572.72265625, 21.731128692627, 18609.830078125, 1519523420.48526
0, 19.3444728851318, 18573.67578125, 21.8567428588867, 18610.890625, 1519523420.53526
0, 19.4700870513916, 18574.626953125, 21.8567428588867, 18611.94921875, 1519523420.58526
0, 19.5957012176514, 18575.576171875, 21.6055145263672, 18613.0078125, 1519523420.63526
0, 19.7213134765625, 18576.529296875, 21.4799022674561, 18614.072265625, 1519523420.68526
0, 19.3444728851318, 18577.48046875, 21.3542881011963, 18615.1328125, 1519523420.73526
0, 19.3444728851318, 18578.427734375, 21.731128692627, 18616.19921875, 1519523420.78526
0, 19.2188606262207, 18579.37890625, 21.731128692627, 18617.26171875, 1519523420.83526
0, 19.4700870513916, 18580.328125, 21.4799022674561, 18618.3203125, 1519523420.88526
0, 19.4700870513916, 18581.279296875, 21.8567428588867, 18619.37890625, 1519523420.93526
0, 19.4700870513916, 18582.228515625, 21.9823570251465, 18620.439453125, 1519523420.98526
0, 19.4700870513916, 18583.1796875, 21.731128692627, 18621.501953125, 1519523421.03526
0, 19.5957012176514, 18584.12890625, 21.8567428588867, 18622.5625, 1519523421.08526
0, 19.2188606262207, 18585.080078125, 20.9774494171143, 18623.623046875, 1519523421.13526
0, 19.3444728851318, 18586.02734375, 21.9823570251465, 18624.685546875, 1519523421.18526
0, 19.4700870513916, 18586.98046875, 21.731128692627, 18625.744140625, 1519523421.23526
0, 19.2188606262207, 18587.93359375, 21.9823570251465, 18626.8046875, 1519523421.28526
0, 19.3444728851318, 18588.8828125, 21.8567428588867, 18627.86328125, 1519523421.33526
0, 19.4700870513916, 18589.83203125, 21.4799022674561, 18628.919921875, 1519523421.38526
0, 19.5957012176514, 18590.783203125, 21.8567428588867, 18629.982421875, 1519523421.43526
0, 19.5957012176514, 18591.734375, 21.3542881011963, 18631.0390625, 1519523421.48526
0, 19.4700870513916, 18592.693359375, 21.1030616760254, 18632.0859375, 1519523421.53526
0, 19.5957012176514, 18593.66015625, 21.2286758422852, 18633.134765625, 1519523421.58526
0, 19.5957012176514, 18594.625, 20.8518352508545, 18634.17578125, 1519523421.63526
0, 20.2237663269043, 18595.60546875, 21.1030616760254, 18635.20703125, 1519523421.68526
0, 20.0981540679932, 18596.587890625, 20.8518352508545, 18636.232421875, 1519523421.73526
0, 20.600606918335, 18597.583984375, 20.7262210845947, 18637.240234375, 1519523421.78526
0, 20.600606918335, 18598.583984375, 20.9774494171143, 18638.244140625, 1519523421.83526
0, 20.7262210845947, 18599.58984375, 20.4749927520752, 18639.248046875, 1519523421.88526
0, 20.4749927520752, 18600.591796875, 20.3493804931641, 18640.248046875, 1519523421.93526
0, 20.4749927520752, 18601.59765625, 20.4749927520752, 18641.25390625, 1519523421.98526
0, 20.4749927520752, 18602.599609375, 20.2237663269043, 18642.251953125, 1519523422.03526
0, 20.600606918335, 18603.60546875, 20.4749927520752, 18643.255859375, 1519523422.08526
0, 20.600606918335, 18604.611328125, 20.600606918335, 18644.2578125, 1519523422.13526
0, 20.8518352508545, 18605.61328125, 20.7262210845947, 18645.263671875, 1519523422.18526
0, 20.600606918335, 18606.615234375, 20.7262210845947, 18646.265625, 1519523422.23526
0, 20.4749927520752, 18607.6171875, 20.3493804931641, 18647.265625, 1519523422.28526
0, 20.3493804931641, 18608.62109375, 20.2237663269043, 18648.267578125, 1519523422.34205
0, 20.2237663269043, 18609.623046875, 20.4749927520752, 18649.26953125, 1519523422.39205
0, 20.4749927520752, 18610.62890625, 20.4749927520752, 18650.271484375, 1519523422.44205
0, 20.7262210845947, 18611.630859375, 20.8518352508545, 18651.2734375, 1519523422.49205
0, 20.4749927520752, 18612.63671875, 20.3493804931641, 18652.2734375, 1519523422.54205
0, 20.8518352508545, 18613.640625, 20.7262210845947, 18653.275390625, 1519523422.59205
0, 20.600606918335, 18614.64453125, 20.600606918335, 18654.27734375, 1519523422.64205
0, 20.3493804931641, 18615.6484375, 20.4749927520752, 18655.279296875, 1519523422.69205
0, 20.4749927520752, 18616.65625, 20.3493804931641, 18656.28515625, 1519523422.74205
0, 20.7262210845947, 18617.662109375, 20.0981540679932, 18657.279296875, 1519523422.79205
0, 20.9774494171143, 18618.689453125, 20.3493804931641, 18658.263671875, 1519523422.84205
0, 21.3542881011963, 18619.72265625, 19.8469276428223, 18659.23828125, 1519523422.89205
0, 21.3542881011963, 18620.763671875, 19.7213134765625, 18660.208984375, 1519523422.94205
0, 21.2286758422852, 18621.802734375, 19.8469276428223, 18661.177734375, 1519523422.99205
0, 21.2286758422852, 18622.841796875, 19.9725399017334, 18662.1484375, 1519523423.04205
0, 21.4799022674561, 18623.884765625, 19.7213134765625, 18663.111328125, 1519523423.09205
0, 21.3542881011963, 18624.939453125, 19.2188606262207, 18664.068359375, 1519523423.14205
0, 21.9823570251465, 18626.001953125, 19.2188606262207, 18665.01953125, 1519523423.19205
0, 21.6055145263672, 18627.064453125, 19.3444728851318, 18665.96484375, 1519523423.24205
0, 21.8567428588867, 18628.12890625, 19.3444728851318, 18666.908203125, 1519523423.29205
0, 21.8567428588867, 18629.197265625, 19.3444728851318, 18667.853515625, 1519523423.34205
0, 21.8567428588867, 18630.265625, 19.2188606262207, 18668.79296875, 1519523423.39205
0, 22.2335815429688, 18631.34375, 18.84202003479, 18669.724609375, 1519523423.44205
0, 21.731128692627, 18632.42578125, 18.84202003479, 18670.65234375, 1519523423.49205
0, 22.3591957092285, 18633.509765625, 18.84202003479, 18671.58203125, 1519523423.54205
0, 22.4848098754883, 18634.595703125, 18.84202003479, 18672.5078125, 1519523423.59205
0, 21.8567428588867, 18635.681640625, 18.84202003479, 18673.43359375, 1519523423.64205
0, 22.4848098754883, 18636.765625, 19.0932464599609, 18674.35546875, 1519523423.69205
0, 21.9823570251465, 18637.8515625, 18.84202003479, 18675.28125, 1519523423.74205
0, 22.4848098754883, 18638.935546875, 18.9676322937012, 18676.205078125, 1519523423.79205
0, 22.3591957092285, 18640.0234375, 18.9676322937012, 18677.1328125, 1519523423.84205
0, 21.731128692627, 18641.107421875, 18.84202003479, 18678.0546875, 1519523423.89205
0, 21.8567428588867, 18642.19140625, 18.84202003479, 18678.982421875, 1519523423.94205
0, 22.1079711914062, 18643.279296875, 18.9676322937012, 18679.90625, 1519523423.99205
0, 22.1079711914062, 18644.3671875, 18.84202003479, 18680.83203125, 1519523424.04205
0, 22.3591957092285, 18645.455078125, 18.9676322937012, 18681.75390625, 1519523424.09205
0, 21.8567428588867, 18646.5390625, 18.84202003479, 18682.6796875, 1519523424.14205
0, 22.2335815429688, 18647.62109375, 19.0932464599609, 18683.60546875, 1519523424.19205
0, 21.9823570251465, 18648.70703125, 18.84202003479, 18684.52734375, 1519523424.24205
0, 21.8567428588867, 18649.791015625, 18.7164058685303, 18685.451171875, 1519523424.29205
0, 22.1079711914062, 18650.876953125, 18.5907917022705, 18686.376953125, 1519523424.34205
0, 21.8567428588867, 18651.962890625, 18.84202003479, 18687.30078125, 1519523424.39205
0, 22.1079711914062, 18653.05078125, 18.84202003479, 18688.22265625, 1519523424.44205
0, 22.3591957092285, 18654.1328125, 18.9676322937012, 18689.1484375, 1519523424.49205
0, 22.2335815429688, 18655.216796875, 18.9676322937012, 18690.0703125, 1519523424.54205
0, 22.4848098754883, 18656.302734375, 19.3444728851318, 18690.994140625, 1519523424.59205
0, 22.2335815429688, 18657.3828125, 18.7164058685303, 18691.921875, 1519523424.64205
0, 21.731128692627, 18658.458984375, 18.9676322937012, 18692.853515625, 1519523424.69205
0, 21.2286758422852, 18659.515625, 19.4700870513916, 18693.806640625, 1519523424.74205
0, 20.7262210845947, 18660.53125, 20.4749927520752, 18694.796875, 1519523424.79205
0, 20.600606918335, 18661.533203125, 20.4749927520752, 18695.796875, 1519523424.84205
0, 20.2237663269043, 18662.537109375, 20.3493804931641, 18696.802734375, 1519523424.89301
0, 19.9725399017334, 18663.525390625, 21.1030616760254, 18697.8203125, 1519523424.94301
0, 19.4700870513916, 18664.478515625, 21.9823570251465, 18698.87109375, 1519523424.99301
0, 18.7164058685303, 18665.412109375, 22.1079711914062, 18699.9453125, 1519523425.04301
0, 18.3395652770996, 18666.3203125, 22.610424041748, 18701.052734375, 1519523425.09301
0, 17.9627246856689, 18667.2109375, 22.4848098754883, 18702.162109375, 1519523425.14301
0, 17.9627246856689, 18668.091796875, 22.610424041748, 18703.267578125, 1519523425.19301
0, 17.8371124267578, 18668.970703125, 22.8616504669189, 18704.380859375, 1519523425.24301
0, 16.9578170776367, 18669.810546875, 22.610424041748, 18705.494140625, 1519523425.29301
0, 15.7016830444336, 18670.62109375, 22.7360363006592, 18706.609375, 1519523425.34301
0, 15.4504556655884, 18671.3828125, 22.1079711914062, 18707.703125, 1519523425.39301
0, 13.8174810409546, 18672.1015625, 20.7262210845947, 18708.755859375, 1519523425.44301
0, 13.4406404495239, 18672.78125, 20.0981540679932, 18709.78125, 1519523425.49301
0, 13.6918668746948, 18673.451171875, 20.600606918335, 18710.8046875, 1519523425.54301
0, 13.6918668746948, 18674.123046875, 20.8518352508545, 18711.828125, 1519523425.59301
0, 13.5662546157837, 18674.794921875, 20.9774494171143, 18712.853515625, 1519523425.64301
0, 13.6918668746948, 18675.466796875, 21.3542881011963, 18713.875, 1519523425.69301
0, 13.6918668746948, 18676.1328125, 20.8518352508545, 18714.900390625, 1519523425.74301
0, 13.8174810409546, 18676.806640625, 20.9774494171143, 18715.91796875, 1519523425.79301
0, 14.4455490112305, 18677.501953125, 20.3493804931641, 18716.9140625, 1519523425.84301
0, 14.6967754364014, 18678.220703125, 19.8469276428223, 18717.890625, 1519523425.89301
0, 14.9480028152466, 18678.953125, 18.9676322937012, 18718.8515625, 1519523425.94301
0, 15.7016830444336, 18679.716796875, 18.7164058685303, 18719.78515625, 1519523425.99301
0, 16.0785236358643, 18680.5, 18.4651794433594, 18720.69921875, 1519523426.04301
0, 15.0736150741577, 18681.271484375, 15.8272972106934, 18721.5390625, 1519523426.09301
0, 14.8223886489868, 18681.994140625, 14.9480028152466, 18722.28515625, 1519523426.14301
0, 12.4357328414917, 18682.65234375, 12.3101196289062, 18722.953125, 1519523426.19301
0, 10.4259176254272, 18683.21875, 10.174690246582, 18723.51953125, 1519523426.24301
0, 9.54662322998047, 18683.71484375, 8.66732883453369, 18723.98828125, 1519523426.29301
0, 8.54171562194824, 18684.18359375, 7.41119432449341, 18724.3984375, 1519523426.34301
0, 6.90874052047729, 18684.5546875, 4.77331161499023, 18724.69140625, 1519523426.39301
0, 5.65260601043701, 18684.849609375, 2.51226925849915, 18724.865234375, 1519523426.44301
0, 5.02453851699829, 18685.1015625, 2.13542890548706, 18724.990234375, 1519523426.49301
0, 4.89892530441284, 18685.33984375, 2.26104235649109, 18725.09765625, 1519523426.54301
0, 4.89892530441284, 18685.580078125, 2.26104235649109, 18725.20703125, 1519523426.59301
0, 5.02453851699829, 18685.8203125, 2.13542890548706, 18725.31640625, 1519523426.64301
0, 5.15015172958374, 18686.0625, 2.38665580749512, 18725.423828125, 1519523426.69301
0, 4.89892530441284, 18686.30859375, 2.38665580749512, 18725.52734375, 1519523426.74301
0, 4.89892530441284, 18686.552734375, 2.00981545448303, 18725.630859375, 1519523426.79301
0, 4.89892530441284, 18686.796875, 2.26104235649109, 18725.734375, 1519523426.84301
0, 4.89892530441284, 18687.0390625, 1.75858855247498, 18725.837890625, 1519523426.89301
0, 5.02453851699829, 18687.287109375, 2.13542890548706, 18725.943359375, 1519523426.94301
0, 4.89892530441284, 18687.53125, 2.13542890548706, 18726.046875, 1519523426.99301
0, 4.89892530441284, 18687.7734375, 2.13542890548706, 18726.154296875, 1519523427.04301
0, 5.02453851699829, 18688.01953125, 2.13542890548706, 18726.259765625, 1519523427.09301
0, 4.89892530441284, 18688.263671875, 2.13542890548706, 18726.3671875, 1519523427.14301
0, 5.02453851699829, 18688.5078125, 2.13542890548706, 18726.47265625, 1519523427.19301
0, 5.02453851699829, 18688.75390625, 2.13542890548706, 18726.576171875, 1519523427.24301
0, 5.02453851699829, 18689, 2.00981545448303, 18726.68359375, 1519523427.29301
0, 5.15015172958374, 18689.244140625, 2.00981545448303, 18726.78515625, 1519523427.34301
0, 4.89892530441284, 18689.48828125, 2.51226925849915, 18726.890625, 1519523427.39419
0, 4.64769792556763, 18689.72265625, 2.51226925849915, 18727.005859375, 1519523427.44419
0, 4.52208471298218, 18689.94921875, 2.76349639892578, 18727.130859375, 1519523427.49419
0, 2.26104235649109, 18690.126953125, 0.12561346590519, 18727.2109375, 1519523427.54419
0, 0.502453863620758, 18690.1796875, 0.376840382814407, 18727.224609375, 1519523427.59419
0, 0, 18690.193359375, 0.12561346590519, 18727.236328125, 1519523427.64419
0, 0.12561346590519, 18690.1953125, 0, 18727.23828125, 1519523427.69419
0, 0.12561346590519, 18690.19921875, 0.12561346590519, 18727.23828125, 1519523427.74419
0, 0, 18690.201171875, 0, 18727.23828125, 1519523427.79419
0, 0, 18690.20703125, 0.12561346590519, 18727.244140625, 1519523427.84419
0, 0, 18690.2109375, 0, 18727.248046875, 1519523427.89419
0, 0.12561346590519, 18690.21484375, 0.12561346590519, 18727.25, 1519523427.94419
0, 0.12561346590519, 18690.220703125, 0, 18727.251953125, 1519523427.99419
0, 0.12561346590519, 18690.224609375, 0, 18727.255859375, 1519523428.04419
0, 0.251226931810379, 18690.224609375, 0, 18727.259765625, 1519523428.09419
0, 0, 18690.228515625, 0.12561346590519, 18727.26171875, 1519523428.14419
0, 0, 18690.234375, 0, 18727.265625, 1519523428.19419
0, 0, 18690.23828125, 0, 18727.26953125, 1519523428.24419
0, 0.12561346590519, 18690.2421875, 0.12561346590519, 18727.271484375, 1519523428.29419
0, -0.12561346590519, 18690.244140625, 0, 18727.2734375, 1519523428.34419
0, 0.12561346590519, 18690.248046875, 0.12561346590519, 18727.27734375, 1519523428.39419
0, 0, 18690.251953125, 0, 18727.279296875, 1519523428.44419
0, 0, 18690.255859375, 0.12561346590519, 18727.28125, 1519523428.49419
